0	16
1,10668E+15	1
1,10789E+16	2
1,10809E+16	1
1,10849E+16	1
1,11091E+16	1
1,11151E+16	1
1,12465E+16	2
1,12671E+16	1
1,12734E+16	1
1,13052E+16	2
1,14404E+16	1
1,14521E+16	1
1,14526E+16	2
1,1482E+16	1
1,1493E+16	1
1,1515E+16	1
1,15272E+16	1
1,15319E+16	1
1,15339E+16	1
1,15407E+15	1
1,1555E+16	1
1,15618E+16	1
1,15721E+16	1
1,15823E+16	1
1,15873E+16	2
1,15884E+15	1
1,15996E+15	1
1,16062E+16	1
1,16128E+16	1
1,16306E+16	1
1,16329E+16	1
1,16397E+16	1
1,1652E+16	1
1,16874E+16	84
1,17934E+16	1
1,18081E+15	1
1,18106E+16	1
1,18174E+16	1
1,1846E+16	1
1,18563E+16	1
1,18724E+16	1
1,18738E+16	2
1,18749E+16	10
1,18805E+16	3
1,19013E+15	1
1,19036E+16	3
1,19573E+15	1
1,19578E+16	1
1,19601E+16	2
1,1966E+16	1
1,19682E+15	1
1,19934E+16	1
1,20008E+16	1
1,20055E+16	1
1,20118E+16	1
1,20603E+16	1
1,20717E+16	1
1,20782E+16	1
1,20848E+15	1
1,21066E+16	1
1,21079E+16	1
1,21115E+16	1
1,21229E+13	1
1,21261E+16	1
1,21287E+16	1
1,21359E+16	2
1,21414E+16	1
1,21433E+16	1
1,21469E+16	2
1,21479E+16	1
1,21542E+15	1
1,21563E+16	1
1,21729E+16	1
1,21756E+15	1
1,21778E+16	1
1,21795E+16	1
1,22176E+16	1
1,22322E+14	1
1,22398E+16	1
1,22457E+16	2
1,22474E+15	1
1,22507E+16	1
1,22575E+16	1
1,22577E+16	1
1,22578E+16	1
1,22605E+16	1
1,2268E+16	1
1,22856E+16	1
1,22865E+16	1
1,22898E+16	1
1,22935E+16	1
1,22958E+16	1
1,22966E+16	1
1,23046E+16	1
1,23108E+16	1
1,23127E+16	1
1,23154E+16	1
1,23178E+16	1
1,23225E+15	1
1,23236E+16	1
1,23256E+16	1
1,23339E+16	1
1,23371E+16	3
1,23373E+16	1
1,2337E+15	1
1,23382E+16	1
1,23385E+16	1
1,23447E+16	1
1,23472E+15	2
1,23508E+16	1
1,23517E+16	1
1,23617E+16	1
1,23752E+16	1
1,2378E+16	1
1,2382E+16	1
1,2383E+16	1
1,23841E+16	1
1,23872E+16	1
1,23905E+16	1
1,23946E+15	1
1,23967E+16	1
1,23974E+16	1
1,23999E+16	1
1,23E+16	1
1,24006E+15	3
1,24034E+16	1
1,24073E+16	1
1,2408E+16	1
1,24183E+16	1
1,24192E+16	1
1,24194E+16	2
1,24202E+16	1
1,24241E+16	1
1,24244E+16	1
1,24275E+16	1
1,24287E+16	1
1,24339E+16	1
1,24361E+16	1
1,24374E+16	1
1,24421E+16	1
1,24424E+16	1
1,24485E+16	1
1,24495E+16	1
1,24503E+16	1
1,24521E+16	1
1,24525E+16	1
1,24544E+15	2
1,2454E+15	1
1,24557E+16	1
1,24572E+16	1
1,24585E+16	1
1,24652E+15	1
1,24698E+15	1
1,24701E+16	1
1,24706E+15	1
1,24761E+16	1
1,24767E+16	1
1,24775E+15	1
1,24814E+16	1
1,24819E+16	1
1,24823E+16	2
1,24824E+16	1
1,24843E+16	1
1,24866E+16	1
1,24896E+16	4
1,24898E+16	1
1,24899E+16	1
1,2492E+16	1
1,2495E+15	1
1,24973E+16	1
1,24974E+16	1
1,25025E+16	1
1,25026E+15	1
1,25052E+15	1
1,25052E+16	1
1,25054E+16	1
1,25078E+16	1
1,25081E+16	1
1,25103E+14	1
1,25105E+16	1
1,25131E+16	1
1,25132E+16	1
1,25133E+15	3
1,25158E+16	1
1,25203E+16	1
1,25211E+16	2
1,25213E+15	1
1,25214E+15	1
1,25267E+16	1
1,25269E+16	1
1,25287E+15	1
1,25293E+16	1
1,25313E+16	1
1,25348E+15	3
1,25382E+16	1
1,25389E+16	1
1,25404E+16	1
1,25421E+16	1
1,25428E+15	1
1,25455E+16	1
1,25458E+15	1
1,2548E+16	1
1,25505E+16	1
1,25514E+16	2
1,25522E+16	1
1,25566E+15	1
1,25568E+16	1
1,25578E+15	1
1,25591E+16	1
1,25595E+15	2
1,25608E+16	1
1,25639E+15	2
1,25645E+16	1
1,25661E+16	1
1,25666E+16	1
1,25677E+15	2
1,25681E+16	1
1,25688E+16	1
1,25697E+16	1
1,25705E+16	1
1,25714E+16	1
1,25719E+16	2
1,25743E+16	1
1,25751E+15	1
1,25759E+15	1
1,25759E+16	2
1,25784E+15	1
1,25791E+16	1
1,25824E+16	2
1,25826E+16	1
1,25835E+16	1
1,25839E+16	1
1,25841E+16	2
1,25865E+16	1
1,25923E+16	1
1,25935E+15	1
1,2593E+16	1
1,25954E+16	1
1,25978E+16	1
1,25996E+15	1
1,26005E+16	1
1,26031E+16	1
1,26056E+16	1
1,26061E+16	1
1,26063E+16	1
1,26065E+15	1
1,26081E+16	1
1,26092E+15	1
1,26111E+16	2
1,26144E+15	2
1,26145E+15	1
1,26168E+15	2
1,26169E+15	1
1,2616E+15	1
1,26198E+15	1
1,26214E+15	2
1,26226E+16	6
1,26236E+16	1
1,26249E+16	3
1,2624E+16	1
1,26252E+15	1
1,2629E+16	1
1,26302E+16	1
1,26303E+16	1
1,26309E+15	1
1,26316E+16	1
1,26334E+15	1
1,26378E+15	1
1,26386E+16	1
1,2638E+16	2
1,26392E+16	6
1,26414E+16	2
1,2641E+15	1
1,2641E+16	1
1,26428E+16	1
1,26437E+16	1
1,26439E+16	1
1,26459E+16	1
1,26474E+16	2
1,26497E+16	1
1,26499E+16	1
1,26511E+16	1
1,26519E+15	1
1,26533E+15	1
1,26534E+16	1
1,26544E+16	1
1,26561E+16	2
1,26566E+15	1
1,26571E+16	1
1,26577E+16	1
1,26582E+16	2
1,26593E+16	1
1,26595E+16	1
1,26598E+15	2
1,26631E+16	1
1,26632E+16	2
1,26636E+15	1
1,26648E+16	1
1,2664E+16	1
1,26665E+16	1
1,26674E+16	2
1,26684E+16	3
1,26687E+16	1
1,26691E+16	3
1,26709E+15	1
1,26722E+16	1
1,26725E+16	1
1,26737E+16	2
1,26748E+16	1
1,26752E+15	1
1,26761E+15	1
1,26764E+16	2
1,26773E+13	1
1,26782E+16	2
1,26791E+16	1
1,26794E+16	2
1,26796E+16	2
1,26797E+16	1
1,26807E+16	1
1,26817E+15	2
1,26825E+16	1
1,26831E+16	3
1,26833E+16	1
1,26844E+16	2
1,2684E+16	1
1,26854E+15	1
1,26866E+16	1
1,26874E+16	2
1,26875E+16	1
1,2688E+16	1
1,26897E+16	1
1,2689E+16	2
1,26901E+16	1
1,26902E+16	1
1,26908E+16	2
1,26911E+16	2
1,26915E+16	1
1,26917E+16	1
1,26919E+15	1
1,26931E+15	1
1,26936E+16	3
1,26957E+16	2
1,26958E+15	1
1,26964E+16	1
1,26967E+16	1
1,26974E+16	1
1,26977E+16	3
1,26984E+16	1
1,26998E+16	4
1,269E+16	1
1,27005E+15	1
1,27017E+16	1
1,27018E+16	3
1,27019E+16	1
1,27024E+16	2
1,27025E+15	1
1,27037E+15	1
1,27038E+15	1
1,27039E+16	1
1,2703E+16	1
1,27046E+16	1
1,27057E+15	1
1,27057E+16	3
1,27059E+16	1
1,2706E+16	2
1,27071E+16	1
1,27076E+15	1
1,27082E+15	3
1,27086E+16	1
1,27087E+16	3
1,27117E+16	1
1,27122E+16	2
1,27128E+15	1
1,27141E+16	1
1,27143E+15	1
1,2714E+15	1
1,2715E+16	1
1,27163E+16	2
1,27176E+16	2
1,2717E+15	1
1,27183E+15	1
1,27187E+16	2
1,2718E+15	1
1,27199E+15	1
1,27202E+16	1
1,27219E+16	1
1,2721E+16	2
1,27222E+16	1
1,27229E+16	1
1,27233E+16	1
1,2723E+16	1
1,27245E+16	1
1,27249E+16	1
1,27253E+16	1
1,27269E+15	2
1,27277E+16	1
1,27281E+15	1
1,27288E+16	2
1,27289E+16	1
1,2728E+16	1
1,27297E+15	1
1,27304E+16	1
1,27312E+16	1
1,27324E+16	1
1,27331E+16	1
1,27333E+16	1
1,27336E+16	2
1,27338E+16	2
1,27355E+16	1
1,27358E+16	1
1,2735E+16	1
1,27372E+16	2
1,27375E+15	2
1,27375E+16	1
1,27389E+16	1
1,2738E+16	1
1,27391E+16	1
1,27394E+16	2
1,27397E+16	1
1,273E+16	1
1,27417E+15	5
1,27426E+16	1
1,27428E+16	1
1,27432E+16	1
1,27436E+16	1
1,2743E+16	1
1,27443E+15	1
1,27449E+16	1
1,27453E+16	1
1,27464E+16	2
1,27481E+15	2
1,27487E+16	1
1,2748E+15	1
1,27498E+16	1
1,27501E+16	4
1,27502E+16	3
1,27507E+16	1
1,27517E+16	1
1,27521E+16	2
1,27524E+15	1
1,2752E+16	2
1,27531E+16	1
1,27538E+16	2
1,27539E+16	2
1,27548E+16	1
1,27551E+16	1
1,27558E+16	2
1,2755E+16	1
1,27566E+14	1
1,27576E+16	1
1,27579E+16	1
1,27583E+15	5
1,27587E+16	1
1,27595E+16	1
1,2759E+16	1
1,27604E+16	3
1,27609E+16	1
1,27614E+16	1
1,27622E+16	4
1,27623E+16	2
1,27632E+16	8
1,27641E+16	2
1,27651E+16	2
1,2765E+16	2
1,27669E+16	3
1,27674E+15	2
1,27678E+16	1
1,27687E+15	2
1,27688E+16	2
1,27696E+15	1
1,27703E+16	1
1,27706E+15	1
1,27707E+16	1
1,27716E+16	2
1,27724E+16	1
1,27734E+16	1
1,27735E+16	1
1,27742E+16	1
1,27743E+15	1
1,27749E+16	1
1,27752E+15	1
1,27753E+15	1
1,27757E+15	1
1,27757E+16	1
1,27762E+14	1
1,27768E+16	2
1,27772E+16	2
1,27779E+15	2
1,27791E+16	1
1,2779E+16	1
1,27808E+16	1
1,27818E+16	2
1,27826E+16	1
1,27828E+16	1
1,27842E+16	1
1,27854E+15	1
1,2785E+16	1
1,27864E+15	1
1,27867E+16	1
1,27872E+16	1
1,27882E+16	1
1,27884E+16	4
1,2788E+15	1
1,278E+16	2
1,27902E+15	1
1,27902E+16	2
1,27909E+16	1
1,27912E+15	1
1,27914E+15	1
1,2791E+16	1
1,27922E+16	2
1,27927E+16	1
1,27929E+15	1
1,2792E+15	1
1,27932E+15	1
1,27934E+16	1
1,2794E+16	2
1,27955E+16	1
1,27958E+16	3
1,27962E+16	1
1,27963E+16	1
1,27966E+16	1
1,27971E+15	1
1,27974E+15	1
1,27976E+15	1
1,27976E+16	1
1,27983E+15	1
1,27985E+16	1
1,27987E+14	1
1,2799E+15	1
1,28003E+16	1
1,28009E+16	1
1,28021E+15	1
1,28024E+16	1
1,28025E+16	1
1,28028E+16	1
1,28042E+16	1
1,28053E+16	1
1,28055E+16	2
1,28058E+15	2
1,28062E+16	1
1,28063E+15	1
1,28069E+16	2
1,28075E+15	1
1,28081E+16	1
1,28094E+16	3
1,28111E+16	2
1,28112E+16	1
1,28123E+16	1
1,28128E+16	1
1,28141E+16	1
1,28143E+15	4
1,28144E+16	1
1,28145E+16	1
1,2814E+16	1
1,28154E+15	1
1,2815E+16	1
1,28161E+16	1
1,28162E+15	2
1,2816E+16	1
1,28172E+15	1
1,28178E+15	1
1,28184E+16	1
1,28194E+16	1
1,28205E+15	1
1,28211E+16	1
1,28222E+15	1
1,28227E+16	1
1,28233E+16	1
1,28244E+15	1
1,28247E+16	1
1,28255E+16	3
1,28256E+16	1
1,28262E+16	1
1,28265E+16	1
1,28274E+16	1
1,28276E+14	1
1,28277E+16	2
1,28278E+16	1
1,2827E+16	1
1,28287E+16	2
1,2828E+15	1
1,28294E+16	1
1,28301E+16	1
1,28303E+16	1
1,28316E+16	1
1,28319E+16	1
1,2831E+16	1
1,28324E+15	1
1,28326E+16	3
1,28328E+16	1
1,28338E+16	1
1,28342E+16	3
1,28345E+16	1
1,2834E+15	2
1,28352E+16	1
1,28361E+16	1
1,28367E+16	1
1,28378E+16	1
1,2837E+16	1
1,28381E+15	1
1,28391E+16	1
1,28392E+14	2
1,28393E+16	1
1,28396E+16	1
1,28418E+16	1
1,28425E+15	2
1,28429E+14	1
1,28436E+16	1
1,28463E+16	1
1,28476E+16	2
1,28497E+16	1
1,28502E+16	1
1,28523E+16	1
1,28525E+16	1
1,2852E+16	1
1,28538E+16	1
1,28553E+15	2
1,28556E+15	1
1,28575E+16	1
1,28596E+16	1
1,28604E+16	1
1,2862E+16	2
1,28632E+16	5
1,28635E+14	2
1,28638E+16	2
1,2863E+16	1
1,28642E+16	2
1,28645E+16	1
1,28649E+16	1
1,28657E+16	1
1,28662E+15	1
1,28665E+16	3
1,2866E+16	1
1,28677E+16	1
1,28715E+16	2
1,2873E+15	1
1,28741E+16	1
1,28744E+16	1
1,28746E+16	1
1,28752E+16	2
1,28755E+16	1
1,28775E+15	1
1,28778E+15	1
1,2877E+16	1
1,28785E+15	1
1,28788E+16	1
1,28793E+16	1
1,28794E+15	2
1,28798E+14	1
1,287E+15	3
1,28808E+15	1
1,28827E+15	1
1,28838E+16	1
1,28855E+16	1
1,28869E+16	2
1,28889E+15	1
1,2888E+14	1
1,28909E+15	1
1,28911E+16	1
1,28924E+16	1
1,28935E+15	1
1,28936E+16	1
1,28938E+16	1
1,28951E+16	2
1,2895E+16	1
1,28991E+15	1
1,29005E+16	1
1,29009E+16	1
1,29032E+16	1
1,29046E+15	1
1,29051E+15	1
1,29073E+15	1
1,29076E+16	1
1,29101E+16	1
1,29104E+16	1
1,29107E+15	1
1,29125E+15	1
1,29129E+16	1
1,2914E+16	1
1,29154E+14	1
1,29154E+16	1
1,29155E+15	2
1,29167E+16	2
1,29182E+16	1
1,29184E+16	1
1,2918E+15	1
1,29215E+16	1
1,29224E+16	1
1,29237E+15	1
1,29249E+15	1
1,2926E+16	1
1,29278E+16	1
1,29305E+16	1
1,29316E+15	1
1,29319E+16	1
1,29328E+16	1
1,2936E+15	1
1,29382E+15	1
1,29386E+16	1
1,29393E+16	1
1,29432E+14	1
1,2944E+16	1
1,29502E+16	1
1,2951E+16	1
1,29582E+16	1
1,29641E+16	1
1,29653E+16	1
1,29741E+16	1
1,29815E+16	1
1,29825E+16	1
1,29863E+16	1
1,2987E+16	1
1,29893E+15	1
1,29962E+15	1
1,299E+16	1
1,30073E+16	1
1,30102E+16	1
1,30115E+16	1
1,3011E+16	1
1,30266E+16	1
1,30272E+16	1
1,30304E+16	1
1,30314E+16	1
1,30339E+16	1
1,30383E+16	1
1,30435E+16	2
1,30464E+16	1
1,30487E+16	1
1,30489E+16	1
1,30507E+16	1
1,30514E+15	1
1,30526E+16	1
1,30549E+16	1
1,30562E+16	1
1,30565E+15	1
1,30573E+15	1
1,30619E+15	1
1,30669E+15	1
1,30707E+16	1
1,30715E+16	1
1,30723E+16	1
1,30726E+16	1
1,30745E+15	1
1,30754E+16	1
1,30755E+16	1
1,30833E+16	1
1,30901E+16	1
1,30933E+16	1
1,30945E+16	1
1,30947E+16	1
1,30975E+16	1
1,30982E+16	5
1,31036E+16	1
1,31073E+16	1
1,3107E+16	4
1,31081E+16	1
1,31083E+16	1
1,31111E+16	1
1,3111E+16	2
1,31144E+16	1
1,31158E+15	1
1,31184E+16	1
1,31191E+16	1
1,31192E+16	6
1,31199E+16	2
1,3121E+15	1
1,31229E+16	1
1,31238E+16	1
1,31275E+16	4
1,31281E+16	1
1,31303E+15	1
1,31309E+15	1
1,31346E+16	1
1,31358E+16	2
1,31364E+16	1
1,31412E+16	1
1,31441E+16	1
1,31468E+16	1
1,3146E+16	1
1,31476E+16	1
1,31487E+15	1
1,31489E+16	1
1,31524E+16	1
1,31573E+15	1
1,31601E+15	1
1,31607E+16	3
1,31633E+15	1
1,31647E+16	1
1,31649E+16	1
1,31662E+16	1
1,31703E+16	1
1,31713E+16	1
1,3172E+16	1
1,31733E+16	1
1,31773E+15	2
1,31825E+16	1
1,3182E+16	1
1,31833E+16	2
1,31839E+16	1
1,31847E+16	1
1,31848E+16	1
1,31861E+16	3
1,31888E+16	1
1,31902E+16	1
1,31939E+15	1
1,3193E+15	1
1,31948E+16	1
1,31949E+16	1
1,3194E+16	2
1,31957E+16	1
1,31977E+16	1
1,31983E+15	1
1,31989E+16	1
1,32019E+16	1
1,32024E+16	1
1,32065E+16	1
1,32068E+15	1
1,3206E+16	1
1,32075E+15	1
1,32093E+16	1
1,32111E+16	2
1,32117E+16	1
1,32172E+16	1
1,3219E+16	1
1,32202E+16	1
1,32233E+16	1
1,32236E+16	1
1,3223E+16	1
1,3224E+16	1
1,32256E+15	1
1,32267E+15	1
1,32276E+16	1
1,32278E+16	1
1,32292E+16	1
1,32308E+16	1
1,32311E+16	1
1,32341E+16	1
1,32356E+16	1
1,32371E+16	1
1,32375E+14	1
1,32392E+16	1
1,32393E+16	1
1,32398E+15	1
1,32402E+15	1
1,32416E+16	1
1,32425E+15	1
1,32431E+16	1
1,32443E+16	1
1,32449E+16	3
1,32477E+16	1
1,32482E+15	1
1,32486E+14	1
1,32488E+16	1
1,3249E+16	1
1,32508E+15	1
1,32537E+16	1
1,3253E+16	1
1,32547E+16	1
1,32549E+16	1
1,32555E+16	2
1,32557E+16	1
1,32568E+15	1
1,3256E+15	1
1,32582E+16	1
1,32587E+16	1
1,32604E+16	1
1,32614E+16	1
1,32638E+16	1
1,32649E+16	1
1,32684E+16	1
1,32727E+16	1
1,32756E+15	1
1,32758E+15	1
1,32774E+16	1
1,32779E+16	1
1,32798E+16	2
1,3279E+16	1
1,327E+16	1
1,32842E+15	1
1,32895E+16	1
1,32898E+16	1
1,32903E+15	1
1,32943E+16	1
1,3294E+16	1
1,32954E+16	1
1,32963E+16	1
1,32966E+15	1
1,32966E+16	1
1,32982E+16	1
1,32983E+16	1
1,32985E+16	1
1,32993E+16	1
1,3299E+16	1
1,33016E+16	1
1,33049E+16	1
1,33066E+16	1
1,33074E+16	2
1,33094E+16	2
1,33121E+16	1
1,33126E+15	1
1,33126E+16	1
1,33127E+16	1
1,33152E+15	2
1,33152E+16	1
1,33154E+16	1
1,33158E+16	1
1,33159E+15	1
1,33178E+16	1
1,33184E+16	1
1,33186E+15	1
1,33206E+16	1
1,33207E+16	1
1,33235E+16	1
1,33238E+16	1
1,33262E+15	1
1,33263E+16	2
1,33266E+16	1
1,33276E+16	4
1,33292E+15	2
1,33308E+15	1
1,33319E+16	4
1,33348E+16	1
1,33363E+15	1
1,33374E+15	1
1,33375E+15	1
1,33401E+15	1
1,33408E+16	1
1,33425E+15	1
1,33451E+16	1
1,33452E+16	1
1,33456E+16	1
1,33461E+14	1
1,33482E+16	1
1,33486E+16	1
1,33488E+15	1
1,3348E+15	1
1,33509E+16	1
1,33542E+15	1
1,33544E+16	1
1,33546E+16	2
1,33567E+16	2
1,33569E+15	1
1,33569E+16	1
1,33573E+16	2
1,33586E+15	1
1,33592E+15	1
1,33622E+16	2
1,33632E+15	1
1,33639E+15	1
1,3363E+14	2
1,33643E+15	1
1,33646E+15	1
1,33653E+15	1
1,33658E+15	1
1,33659E+16	1
1,33663E+16	1
1,33664E+16	1
1,33666E+15	1
1,33677E+15	1
1,33686E+15	1
1,33705E+16	1
1,33714E+16	1
1,33716E+15	1
1,33721E+16	2
1,3372E+16	1
1,33733E+16	2
1,33741E+16	1
1,33743E+16	1
1,33744E+16	1
1,3377E+15	1
1,33781E+15	1
1,33791E+16	1
1,33795E+15	1
1,33798E+15	1
1,3379E+16	1
1,33811E+16	1
1,33823E+15	1
1,33825E+16	1
1,33826E+16	1
1,33827E+16	1
1,33834E+15	1
1,33853E+16	1
1,33858E+16	1
1,3385E+15	1
1,33862E+15	1
1,33875E+15	1
1,33876E+15	1
1,33881E+16	1
1,33887E+16	1
1,33889E+14	2
1,33897E+15	1
1,33899E+16	2
1,3389E+16	1
1,33901E+16	2
1,33904E+15	1
1,33908E+15	1
1,33932E+15	1
1,33932E+16	1
1,33938E+16	1
1,33942E+16	1
1,33943E+16	1
1,33945E+16	1
1,3394E+14	1
1,33951E+15	3
1,33956E+16	1
1,33965E+16	1
1,33972E+16	3
1,33976E+15	1
1,33984E+16	1
1,33996E+16	1
1,34011E+16	1
1,34025E+16	2
1,34027E+15	1
1,34033E+15	1
1,34034E+14	1
1,34038E+15	1
1,34043E+16	1
1,34051E+14	1
1,34051E+15	1
1,34052E+16	1
1,34053E+16	1
1,34056E+16	2
1,3406E+15	1
1,34076E+16	1
1,34081E+16	1
1,34103E+15	1
1,34113E+15	1
1,34116E+16	1
1,34121E+15	1
1,34122E+16	2
1,34124E+15	1
1,34127E+15	1
1,34127E+16	1
1,34132E+16	1
1,34136E+16	1
1,34138E+15	2
1,34144E+15	2
1,34146E+16	1
1,34151E+16	1
1,34157E+16	2
1,34159E+16	1
1,34163E+15	1
1,34164E+15	1
1,34167E+16	1
1,34171E+16	2
1,34177E+16	1
1,34182E+16	1
1,34191E+16	1
1,34196E+16	2
1,3419E+16	1
1,341E+16	1
1,34209E+16	2
1,34212E+16	1
1,34215E+16	1
1,34216E+15	1
1,34218E+16	2
1,34231E+16	1
1,34237E+15	1
1,34241E+16	1
1,34246E+16	1
1,34252E+15	1
1,34252E+16	2
1,34258E+16	1
1,34268E+16	2
1,3426E+16	1
1,34275E+15	1
1,34275E+16	1
1,34278E+16	1
1,34284E+14	1
1,34295E+16	2
1,34305E+14	2
1,34308E+15	3
1,34312E+16	1
1,34318E+15	1
1,34322E+16	1
1,34328E+16	1
1,34334E+16	2
1,34335E+15	1
1,34335E+16	2
1,34338E+16	4
1,34341E+15	2
1,34341E+16	1
1,34342E+16	1
1,34345E+16	1
1,34352E+16	1
1,34369E+16	1
1,34378E+15	1
1,3438E+15	1
1,34392E+14	1
1,34392E+15	1
1,34395E+16	3
1,34399E+15	7
1,34401E+16	1
1,34404E+16	1
1,34409E+16	2
1,34413E+16	1
1,34416E+16	3
1,34418E+16	1
1,34425E+16	1
1,34429E+15	3
1,34439E+16	1
1,34446E+16	1
1,34448E+15	1
1,34456E+16	1
1,34459E+16	8
1,34471E+16	1
1,34477E+16	1
1,34478E+16	2
1,34481E+16	1
1,34486E+16	2
1,34492E+16	1
1,34495E+16	3
1,34497E+16	1
1,34499E+16	1
1,3449E+16	5
1,344E+16	1
1,34502E+15	1
1,34503E+16	2
1,34505E+15	1
1,34508E+16	1
1,34516E+15	7
1,34525E+16	2
1,34528E+14	1
1,3452E+15	7
1,34534E+16	1
1,34537E+16	1
1,34542E+16	1
1,34546E+16	6
1,34555E+16	1
1,34559E+16	3
1,3455E+15	4
1,34568E+15	2
1,34572E+16	1
1,34576E+15	4
1,34579E+16	1
1,34581E+16	6
1,34594E+16	2
1,34598E+16	1
1,3459E+16	1
1,34602E+16	2
1,34604E+16	1
1,34607E+15	3
1,34611E+16	3
1,34619E+16	1
1,34624E+16	4
1,34628E+15	1
1,34628E+16	1
1,3462E+16	1
1,34631E+15	1
1,34632E+16	2
1,34637E+16	8
1,34639E+16	2
1,34645E+16	3
1,34648E+16	1
1,34654E+15	1
1,34654E+16	1
1,34656E+16	1
1,34658E+16	1
1,3465E+16	3
1,34663E+16	3
1,34667E+16	13
1,3466E+16	2
1,34674E+16	1
1,34676E+16	6
1,34681E+15	1
1,34682E+16	1
1,34684E+16	2
1,34688E+15	1
1,3468E+16	4
1,34692E+16	1
1,34698E+15	7
1,34706E+16	1
1,34714E+15	1
1,34715E+16	2
1,34716E+15	1
1,3471E+15	1
1,34728E+16	8
1,34733E+16	1
1,34736E+16	1
1,34741E+16	2
1,34745E+16	2
1,34758E+16	11
1,34766E+16	1
1,34769E+16	1
1,34771E+15	1
1,34776E+16	2
1,34779E+16	1
1,34784E+15	1
1,34785E+15	1
1,34794E+16	1
1,34796E+16	3
1,34801E+16	1
1,34806E+16	1
1,34807E+16	1
1,34809E+16	3
1,34814E+15	1
1,34819E+16	7
1,34826E+16	2
1,34831E+15	2
1,34844E+16	1
1,34848E+16	1
1,34849E+16	4
1,34857E+16	2
1,34862E+16	1
1,34864E+16	1
1,34867E+16	1
1,34869E+16	1
1,34871E+16	1
1,34887E+16	2
1,3488E+16	9
1,34892E+16	5
1,34904E+16	1
1,34905E+16	1
1,34912E+16	1
1,34917E+16	5
1,3491E+16	1
1,34921E+15	1
1,34922E+16	3
1,34928E+16	1
1,3493E+14	2
1,34942E+16	1
1,34943E+16	1
1,34947E+16	2
1,34953E+15	3
1,34958E+16	2
1,34965E+16	2
1,34969E+16	1
1,34971E+16	1
1,34972E+16	2
1,34977E+16	1
1,34978E+15	4
1,34983E+16	8
1,34984E+16	4
1,34996E+16	1
1,35003E+16	1
1,35008E+16	3
1,35014E+14	1
1,35026E+15	1
1,3502E+16	2
1,35036E+15	1
1,35037E+16	1
1,35038E+16	2
1,35042E+16	1
1,35044E+15	5
1,35051E+16	1
1,35056E+15	1
1,35062E+16	1
1,35068E+15	4
1,35069E+16	1
1,35074E+14	1
1,35078E+16	1
1,35081E+15	3
1,35087E+16	1
1,35092E+16	1
1,35093E+16	1
1,35095E+16	1
1,35099E+16	1
1,35105E+15	1
1,35108E+15	1
1,35111E+16	2
1,35117E+16	3
1,35123E+16	2
1,35129E+15	4
1,35135E+16	1
1,35141E+15	2
1,35147E+16	1
1,35151E+15	1
1,35159E+16	2
1,35179E+16	1
1,35186E+16	1
1,35193E+16	1
1,35196E+14	1
1,35196E+16	1
1,3519E+16	3
1,35202E+15	1
1,35208E+16	4
1,35216E+16	2
1,3522E+16	2
1,35231E+16	1
1,35244E+16	2
1,35251E+16	2
1,35256E+16	1
1,35262E+16	2
1,35268E+16	2
1,35273E+16	1
1,35281E+15	4
1,35293E+15	1
1,35305E+16	3
1,35311E+16	2
1,3531E+16	3
1,35323E+16	2
1,35329E+16	1
1,35335E+15	1
1,35342E+16	2
1,35344E+15	1
1,35345E+15	1
1,3534E+16	1
1,35354E+16	1
1,35358E+16	2
1,35365E+16	1
1,35372E+16	1
1,35377E+16	3
1,35384E+16	1
1,35389E+16	1
1,35393E+16	1
1,35396E+16	2
1,35407E+16	2
1,35408E+16	1
1,35412E+16	1
1,35414E+16	2
1,35419E+16	1
1,35435E+16	1
1,35438E+15	1
1,35468E+15	1
1,35475E+15	1
1,35487E+15	3
1,35498E+14	1
1,35506E+16	1
1,35514E+16	1
1,35529E+16	3
1,35534E+16	1
1,35544E+16	1
1,35552E+16	2
1,35555E+16	1
1,3557E+16	1
1,35597E+15	2
1,35601E+15	1
1,35605E+16	1
1,35608E+16	2
1,35619E+16	1
1,3562E+16	1
1,35635E+15	3
1,35638E+16	2
1,35639E+16	1
1,35646E+16	1
1,35654E+15	1
1,35658E+16	1
1,3565E+16	1
1,35685E+16	2
1,35692E+16	3
1,35698E+16	1
1,35706E+14	1
1,35709E+15	1
1,35742E+16	1
1,35753E+14	1
1,35753E+16	1
1,35755E+16	1
1,35756E+16	1
1,35764E+16	1
1,35772E+16	1
1,35775E+16	1
1,35776E+16	1
1,35791E+15	1
1,35797E+16	1
1,35802E+16	5
1,35816E+16	1
1,35821E+15	1
1,35825E+16	1
1,35832E+16	1
1,3584E+15	1
1,35851E+16	1
1,35882E+16	3
1,35885E+16	1
1,35896E+15	2
1,358E+15	1
1,35916E+16	2
1,35948E+16	1
1,3594E+16	1
1,35952E+16	1
1,35961E+16	1
1,3597E+16	1
1,35995E+16	1
1,35998E+16	1
1,36016E+15	1
1,36038E+16	1
1,3603E+16	1
1,3605E+16	1
1,3606E+16	1
1,36079E+15	5
1,3607E+16	3
1,36099E+16	2
1,36109E+16	1
1,36114E+16	1
1,36122E+16	1
1,36131E+16	1
1,36133E+16	4
1,3613E+16	1
1,36142E+15	1
1,36148E+16	1
1,36155E+15	1
1,36162E+16	1
1,36171E+16	1
1,36173E+16	1
1,36184E+15	2
1,36199E+16	1
1,3621E+16	1
1,36236E+16	1
1,36242E+16	2
1,36244E+16	1
1,36262E+15	1
1,36263E+16	1
1,36282E+15	1
1,36313E+16	1
1,36324E+15	1
1,36334E+16	1
1,36353E+16	1
1,36354E+15	1
1,36364E+16	3
1,36374E+15	3
1,36384E+16	1
1,36388E+16	1
1,36394E+16	1
1,36413E+16	1
1,36415E+16	1
1,36424E+16	1
1,36434E+15	1
1,36454E+15	1
1,36454E+16	1
1,36474E+16	3
1,36475E+16	4
1,36503E+16	1
1,36514E+15	1
1,36525E+16	3
1,36535E+15	1
1,36535E+16	1
1,36543E+16	1
1,36546E+16	1
1,36563E+16	1
1,36575E+16	1
1,36576E+16	1
1,36584E+16	2
1,36595E+15	2
1,36596E+16	1
1,36602E+16	1
1,36603E+15	1
1,36605E+16	3
1,36606E+16	2
1,36612E+15	2
1,36614E+16	1
1,36635E+16	1
1,36643E+15	1
1,36646E+16	1
1,36657E+16	1
1,36666E+16	1
1,36667E+16	1
1,36672E+16	1
1,36673E+16	1
1,36675E+16	1
1,36686E+16	1
1,36695E+15	2
1,36695E+16	1
1,36697E+16	1
1,36724E+16	3
1,36726E+16	3
1,36735E+16	1
1,36737E+15	2
1,36745E+16	1
1,36752E+16	1
1,36761E+16	2
1,36762E+16	2
1,36763E+16	2
1,36765E+16	1
1,36767E+16	1
1,36777E+15	1
1,36784E+14	1
1,36786E+16	1
1,36793E+16	1
1,36801E+15	2
1,36826E+16	1
1,36833E+16	1
1,36844E+15	2
1,36847E+16	1
1,36872E+16	4
1,36875E+16	1
1,36877E+16	1
1,36886E+16	1
1,3688E+16	1
1,36919E+16	1
1,36931E+16	1
1,36932E+15	2
1,36947E+16	1
1,36959E+16	2
1,36962E+15	1
1,37004E+15	1
1,37008E+15	2
1,37009E+16	1
1,37011E+16	1
1,37013E+15	1
1,37023E+16	2
1,37024E+15	1
1,37028E+16	1
1,37039E+16	1
1,37041E+16	1
1,37051E+16	1
1,37056E+16	1
1,37058E+15	1
1,37095E+16	2
1,37099E+16	1
1,37107E+16	1
1,37116E+16	2
1,37138E+16	2
1,37155E+16	1
1,3715E+16	1
1,37164E+16	2
1,37168E+16	1
1,37173E+16	1
1,37186E+16	1
1,37194E+16	1
1,37198E+16	1
1,37199E+16	1
1,37203E+16	1
1,37212E+16	2
1,37224E+15	1
1,37224E+16	1
1,37229E+16	2
1,3722E+16	1
1,37242E+16	1
1,37251E+16	1
1,37258E+16	1
1,37263E+16	1
1,37272E+16	1
1,37281E+16	1
1,37297E+16	1
1,37302E+15	1
1,37311E+16	1
1,37314E+16	1
1,37316E+16	2
1,37319E+16	1
1,37325E+16	1
1,37333E+16	2
1,37349E+16	1
1,37354E+15	1
1,37354E+16	1
1,37367E+16	2
1,37375E+15	1
1,37381E+16	1
1,37384E+16	2
1,37386E+16	2
1,37387E+15	1
1,37393E+16	1
1,37405E+16	1
1,37416E+15	1
1,37426E+16	1
1,37431E+16	1
1,37445E+16	1
1,37459E+15	1
1,37462E+16	1
1,37464E+16	1
1,37483E+15	1
1,37489E+15	1
1,37489E+16	1
1,37508E+16	1
1,37511E+14	1
1,37514E+16	3
1,37528E+16	1
1,37531E+16	1
1,37547E+16	2
1,37558E+15	1
1,37563E+16	2
1,37575E+16	1
1,37582E+16	1
1,37602E+16	1
1,37605E+15	1
1,37609E+16	1
1,37611E+16	1
1,37613E+15	1
1,37637E+16	1
1,37643E+15	2
1,37651E+15	1
1,37657E+16	1
1,37675E+16	1
1,37678E+15	2
1,3767E+16	1
1,37681E+16	1
1,37689E+16	1
1,3768E+16	1
1,37691E+16	1
1,37696E+16	1
1,37702E+16	1
1,37703E+16	1
1,37714E+16	2
1,37718E+15	1
1,37731E+16	1
1,37733E+16	1
1,37734E+16	1
1,37742E+16	1
1,3774E+14	2
1,37756E+15	1
1,37781E+16	1
1,37787E+16	1
1,37788E+16	1
1,37791E+16	1
1,37792E+15	1
1,37801E+15	1
1,37808E+16	1
1,37817E+15	1
1,3781E+16	2
1,37821E+16	1
1,37824E+15	1
1,37825E+16	1
1,37832E+16	1
1,37847E+16	1
1,3785E+16	1
1,37875E+15	1
1,37878E+16	1
1,3787E+14	1
1,37885E+15	1
1,37886E+16	1
1,37889E+15	1
1,37893E+16	4
1,37901E+16	1
1,37904E+16	1
1,37908E+15	1
1,37923E+16	1
1,37931E+16	1
1,37939E+16	3
1,37946E+16	2
1,37954E+16	1
1,37958E+16	1
1,37961E+16	2
1,37969E+16	5
1,37972E+16	1
1,37977E+15	2
1,37984E+14	1
1,37992E+16	1
1,37998E+16	1
1,37999E+16	1
1,38007E+16	2
1,38008E+16	1
1,38028E+16	1
1,38029E+16	1
1,38037E+16	3
1,38044E+16	1
1,3804E+16	2
1,38052E+16	1
1,38068E+16	1
1,38089E+15	1
1,38098E+16	1
1,38099E+15	1
1,38113E+15	1
1,38129E+15	1
1,38143E+16	1
1,38145E+16	1
1,38149E+15	2
1,38151E+16	1
1,38165E+15	1
1,38168E+16	2
1,38171E+15	1
1,38177E+16	1
1,38185E+15	1
1,38197E+16	5
1,3819E+15	1
1,38202E+16	2
1,38205E+16	1
1,38208E+16	2
1,38227E+14	1
1,38232E+16	1
1,38235E+16	1
1,38247E+16	1
1,38251E+16	1
1,38258E+14	2
1,38265E+16	1
1,38274E+16	1
1,3827E+15	1
1,38281E+16	1
1,38285E+15	1
1,38286E+16	2
1,38288E+16	2
1,38291E+16	2
1,38303E+16	1
1,38305E+15	2
1,38306E+16	1
1,38317E+16	1
1,38323E+15	1
1,38326E+16	1
1,38333E+16	1
1,38334E+16	1
1,38336E+16	1
1,38366E+15	2
1,3837E+16	1
1,38402E+16	1
1,38414E+15	1
1,38414E+16	1
1,38417E+15	1
1,38421E+14	3
1,38436E+16	1
1,38441E+16	2
1,38442E+16	1
1,38445E+15	1
1,38448E+15	1
1,38448E+16	1
1,38451E+15	1
1,38451E+16	2
1,38455E+16	1
1,38462E+16	3
1,38472E+16	2
1,38482E+15	1
1,38488E+16	1
1,38502E+16	1
1,38509E+16	1
1,38516E+16	2
1,38522E+16	1
1,38525E+16	1
1,38526E+16	1
1,3852E+15	2
1,38533E+16	1
1,38536E+16	1
1,38542E+16	1
1,38545E+16	1
1,3854E+15	1
1,38561E+15	1
1,38565E+15	1
1,38573E+16	1
1,38578E+16	1
1,38586E+16	5
1,38607E+15	1
1,38614E+16	1
1,38616E+16	1
1,3861E+16	1
1,38627E+15	1
1,38633E+16	2
1,38634E+16	1
1,38642E+14	2
1,38645E+16	1
1,38657E+16	1
1,38674E+16	1
1,38675E+15	2
1,3867E+16	1
1,38722E+15	1
1,38723E+16	1
1,38733E+16	1
1,38735E+16	11
1,38736E+16	1
1,3873E+15	1
1,38742E+16	2
1,38743E+15	1
1,38752E+14	1
1,38756E+16	1
1,38766E+16	1
1,38767E+16	2
1,38768E+16	2
1,3876E+16	1
1,38772E+16	1
1,38775E+16	1
1,38785E+16	1
1,38786E+16	1
1,38792E+15	1
1,38795E+15	1
1,38797E+15	1
1,3879E+15	1
1,38803E+16	1
1,38809E+16	1
1,38816E+15	1
1,38816E+16	1
1,38822E+16	1
1,38835E+16	1
1,38838E+16	1
1,3884E+16	1
1,38855E+15	1
1,38856E+16	2
1,38866E+15	1
1,38871E+16	4
1,38883E+16	2
1,38901E+15	2
1,38907E+15	1
1,38917E+16	1
1,38919E+16	2
1,38926E+14	1
1,38943E+16	1
1,38944E+16	1
1,38952E+16	1
1,38956E+16	1
1,38957E+16	1
1,3895E+15	2
1,38962E+13	2
1,38963E+16	1
1,38972E+16	1
1,38979E+16	1
1,38985E+16	2
1,38991E+16	1
1,38999E+16	2
1,389E+16	1
1,38E+16	1
1,39002E+16	1
1,39005E+16	1
1,39007E+16	1
1,39023E+16	1
1,39026E+16	1
1,3903E+16	1
1,39055E+16	1
1,39057E+16	1
1,39066E+16	1
1,3906E+15	1
1,39077E+16	2
1,39082E+16	1
1,39084E+16	1
1,39089E+16	2
1,39093E+16	1
1,39096E+15	2
1,3909E+16	1
1,39102E+15	1
1,39108E+16	1
1,39113E+16	1
1,39121E+16	2
1,39127E+15	1
1,39127E+16	1
1,39134E+16	1
1,3913E+15	1
1,39146E+16	1
1,39152E+15	2
1,39154E+16	1
1,39156E+16	1
1,3915E+15	1
1,3919E+16	1
1,39213E+16	1
1,39221E+15	1
1,39228E+16	1
1,39232E+16	1
1,39243E+15	1
1,39246E+16	1
1,39249E+16	1
1,39268E+15	1
1,3926E+15	2
1,39281E+16	1
1,39285E+15	1
1,39302E+16	1
1,39306E+16	1
1,39318E+16	1
1,39325E+16	1
1,39332E+15	1
1,39335E+15	2
1,39337E+14	1
1,39351E+16	1
1,39357E+15	1
1,39361E+16	1
1,3936E+16	1
1,39371E+16	2
1,39382E+15	3
1,39385E+15	1
1,39387E+16	3
1,39391E+16	2
1,39396E+16	1
1,39407E+15	1
1,39418E+16	1
1,3941E+15	1
1,39428E+16	1
1,3943E+15	1
1,3943E+16	1
1,3945E+16	1
1,39468E+15	1
1,39474E+16	1
1,39477E+16	2
1,39478E+16	1
1,39491E+16	1
1,39493E+16	1
1,39495E+16	1
1,3949E+16	2
1,394E+15	1
1,39504E+16	1
1,39505E+15	1
1,39515E+16	2
1,3951E+15	1
1,39525E+15	1
1,39525E+16	2
1,3952E+16	1
1,39535E+16	1
1,3953E+16	1
1,3954E+16	1
1,39563E+16	1
1,39569E+16	1
1,39575E+16	1
1,39581E+16	2
1,39591E+16	1
1,39596E+15	2
1,39627E+16	1
1,3963E+16	1
1,39644E+16	1
1,39647E+16	1
1,3964E+16	1
1,39665E+16	1
1,39666E+16	2
1,39679E+16	1
1,39684E+14	2
1,39685E+16	1
1,3968E+16	1
1,39695E+16	1
1,39709E+15	1
1,39719E+16	1
1,39724E+15	1
1,39759E+16	2
1,3975E+16	1
1,39774E+15	1
1,39776E+16	1
1,39783E+15	1
1,39787E+16	1
1,39843E+15	1
1,39843E+16	1
1,39851E+16	2
1,39854E+16	1
1,39856E+16	1
1,39859E+15	1
1,39866E+16	1
1,39868E+16	1
1,39891E+16	1
1,39894E+16	1
1,39901E+15	1
1,39901E+16	1
1,39908E+16	1
1,39911E+16	1
1,39913E+15	1
1,39934E+16	1
1,39936E+16	2
1,39948E+16	1
1,39952E+16	1
1,39965E+16	1
1,39971E+16	1
1,39973E+16	1
1,39979E+16	2
1,39987E+15	1
1,39992E+16	2
1,39996E+15	2
1,40004E+16	1
1,40018E+16	1
1,40026E+16	1
1,40041E+16	1
1,40043E+16	2
1,40051E+16	1
1,40087E+16	1
1,40089E+16	1
1,40103E+16	2
1,40104E+16	2
1,40107E+16	1
1,40112E+16	1
1,4012E+15	1
1,40138E+16	1
1,4013E+16	2
1,40158E+16	2
1,40169E+16	1
1,40176E+16	1
1,40179E+16	1
1,40181E+16	1
1,40191E+15	1
1,40209E+16	2
1,40223E+15	1
1,40238E+16	1
1,40241E+16	2
1,40245E+16	1
1,4025E+16	5
1,4026E+16	2
1,40286E+16	1
1,40287E+15	1
1,40294E+16	2
1,40306E+16	1
1,40317E+15	1
1,40329E+15	1
1,4032E+16	1
1,40333E+16	1
1,40337E+16	1
1,40343E+16	2
1,4037E+16	1
1,40385E+16	1
1,40387E+16	1
1,4038E+15	1
1,4038E+16	1
1,40392E+16	1
1,40434E+16	1
1,40438E+15	1
1,40451E+15	1
1,40453E+16	1
1,40479E+16	1
1,40481E+16	2
1,40503E+16	1
1,40506E+15	3
1,40516E+16	1
1,40522E+16	1
1,40523E+16	1
1,40544E+15	1
1,40546E+15	1
1,40556E+16	1
1,40572E+16	1
1,40574E+16	1
1,4057E+16	1
1,40581E+15	2
1,40603E+15	1
1,40615E+16	1
1,40642E+16	1
1,40652E+16	1
1,40656E+16	1
1,40657E+16	1
1,40666E+15	1
1,40668E+15	1
1,40673E+15	1
1,40673E+16	2
1,40699E+16	1
1,40715E+16	1
1,40726E+15	1
1,4075E+16	1
1,40765E+16	1
1,4077E+16	1
1,40786E+15	1
1,40793E+16	1
1,40833E+15	2
1,40859E+16	1
1,40879E+16	1
1,4087E+15	1
1,40885E+16	1
1,40889E+16	1
1,40893E+14	1
1,4092E+15	1
1,40944E+16	1
1,40959E+14	1
1,40964E+16	1
1,4097E+16	1
1,40986E+14	1
1,4098E+16	1
1,40996E+16	1
1,4099E+16	1
1,41002E+16	1
1,41003E+15	1
1,41007E+16	1
1,41018E+16	1
1,41031E+15	1
1,41034E+15	2
1,41073E+16	1
1,41074E+16	1
1,4107E+16	1
1,41108E+15	1
1,41113E+15	1
1,41119E+16	1
1,4112E+15	1
1,41144E+16	1
1,41186E+16	1
1,41187E+16	1
1,41188E+16	1
1,41194E+16	1
1,41212E+16	1
1,41217E+15	1
1,41244E+16	2
1,41253E+16	1
1,4125E+16	1
1,41262E+16	1
1,41294E+16	1
1,41319E+15	5
1,41335E+16	1
1,4133E+16	1
1,413E+16	1
1,41416E+16	1
1,41421E+16	1
1,41453E+16	2
1,41483E+15	1
1,41566E+16	1
1,41574E+16	1
1,41585E+16	1
1,41593E+15	1
1,41604E+15	1
1,41612E+16	1
1,41614E+16	1
1,41618E+16	1
1,41634E+16	6
1,41654E+16	1
1,41657E+15	2
1,41658E+16	1
1,41677E+16	1
1,41708E+16	1
1,4171E+15	1
1,41727E+15	1
1,41732E+16	1
1,41751E+15	1
1,41759E+16	1
1,41774E+16	1
1,41776E+15	1
1,41791E+15	1
1,41809E+16	1
1,41824E+16	1
1,41834E+15	1
1,41844E+16	1
1,41848E+15	1
1,41875E+16	1
1,41876E+16	1
1,41877E+16	1
1,4187E+16	1
1,41882E+15	1
1,41893E+16	1
1,41898E+15	1
1,418E+15	1
1,41901E+16	1
1,41912E+16	1
1,41947E+16	1
1,41965E+16	1
1,41973E+15	1
1,41977E+16	1
1,41984E+15	1
1,41987E+16	1
1,41997E+16	1
1,42013E+16	1
1,42017E+16	1
1,42025E+16	2
1,42026E+15	1
1,42026E+16	1
1,42033E+16	1
1,42047E+16	1
1,42055E+16	2
1,4205E+15	2
1,4212E+16	1
1,42133E+15	1
1,42146E+16	1
1,42148E+15	2
1,42148E+16	1
1,42151E+15	1
1,42154E+16	1
1,42156E+16	1
1,42163E+16	1
1,42165E+15	1
1,42182E+16	1
1,42215E+16	1
1,42236E+16	1
1,42246E+16	1
1,42271E+16	1
1,42288E+15	1
1,42304E+16	1
1,42314E+15	1
1,42317E+16	1
1,42334E+16	1
1,42335E+16	1
1,42338E+15	1
1,42368E+15	1
1,42368E+16	1
1,42395E+15	1
1,42403E+15	1
1,42429E+15	1
1,4242E+16	1
1,42438E+16	1
1,42471E+16	3
1,42473E+15	1
1,42488E+16	1
1,42496E+15	1
1,42511E+15	1
1,42513E+16	4
1,42517E+15	1
1,42518E+16	1
1,42519E+16	1
1,42556E+15	1
1,42559E+16	1
1,42611E+16	1
1,42619E+16	1
1,42642E+16	2
1,42704E+15	1
1,42704E+16	1
1,42705E+16	1
1,42744E+16	1
1,42749E+15	1
1,42765E+15	1
1,42795E+16	1
1,42798E+15	1
1,42804E+15	1
1,42857E+16	2
1,42888E+16	1
1,4291E+16	1
1,42941E+15	1
1,42948E+15	1
1,42948E+16	1
1,42951E+16	2
1,42997E+16	1
1,43006E+15	1
1,4301E+16	1
1,43039E+16	1
1,43072E+16	1
1,43074E+16	2
1,43099E+15	1
1,43101E+16	1
1,43105E+16	1
1,43133E+16	1
1,43138E+16	1
1,43147E+16	2
1,43154E+16	1
1,43166E+16	1
1,43167E+15	1
1,43185E+16	1
1,43192E+15	1
1,43193E+16	1
1,43208E+15	1
1,43214E+15	1
1,43226E+15	1
1,43226E+16	1
1,43252E+14	1
1,43258E+16	1
1,43263E+14	1
1,43271E+16	2
1,43275E+16	1
1,43283E+16	1
1,43286E+16	1
1,43304E+16	1
1,43313E+16	1
1,43316E+16	1
1,43327E+16	1
1,4332E+16	1
1,43348E+16	1
1,43378E+16	1
1,43384E+14	1
1,43403E+16	1
1,43443E+15	1
1,43464E+16	1
1,43471E+16	1
1,43477E+15	1
1,43519E+16	1
1,43531E+16	2
1,43534E+16	1
1,43561E+16	1
1,43591E+16	2
1,43594E+16	1
1,43605E+15	1
1,43613E+15	1
1,43616E+16	1
1,43617E+16	1
1,43619E+16	1
1,4361E+16	2
1,43623E+16	1
1,43657E+16	2
1,43688E+16	1
1,43691E+16	1
1,43718E+16	1
1,43739E+16	2
1,43761E+16	1
1,43767E+16	1
1,43786E+16	1
1,43797E+15	1
1,43803E+15	1
1,43809E+16	1
1,43828E+15	1
1,43833E+16	1
1,43834E+15	1
1,43836E+16	2
1,43844E+16	1
1,4384E+16	1
1,43865E+16	1
1,43867E+16	2
1,43875E+15	1
1,43878E+16	1
1,43897E+16	1
1,43899E+15	1
1,43925E+16	1
1,43934E+16	1
1,43938E+15	1
1,43944E+16	1
1,43946E+16	1
1,43954E+16	1
1,43962E+15	1
1,43964E+16	1
1,439E+16	1
1,44017E+15	1
1,44021E+16	2
1,44039E+15	1
1,44053E+16	1
1,44056E+16	1
1,44057E+16	1
1,44068E+15	1
1,44075E+15	1
1,44091E+15	1
1,44102E+15	2
1,44111E+16	1
1,44132E+16	1
1,44142E+15	1
1,44146E+16	1
1,44147E+16	1
1,4414E+16	2
1,44163E+14	2
1,4419E+15	1
1,44217E+15	1
1,44219E+16	2
1,4421E+16	1
1,44235E+16	1
1,44237E+15	2
1,44245E+16	1
1,44257E+16	1
1,44262E+16	3
1,44291E+16	1
1,4429E+16	1
1,44328E+16	1
1,44347E+16	3
1,44361E+15	1
1,44372E+16	1
1,44376E+15	1
1,4438E+15	1
1,443E+15	1
1,44411E+15	2
1,44418E+16	1
1,44425E+16	1
1,44454E+16	1
1,44492E+16	1
1,44496E+16	2
1,44502E+15	1
1,44514E+16	2
1,44519E+15	1
1,4452E+16	1
1,44533E+16	1
1,44539E+16	1
1,44548E+16	1
1,44551E+16	1
1,44554E+16	1
1,4455E+16	2
1,44562E+16	1
1,44565E+16	1
1,44568E+16	1
1,44594E+16	1
1,44596E+16	1
1,4459E+16	1
1,44606E+16	2
1,44609E+16	1
1,44633E+15	1
1,44638E+15	1
1,44646E+16	1
1,44651E+16	1
1,44658E+15	1
1,44664E+16	1
1,44684E+16	1
1,44697E+16	1
1,44702E+16	1
1,44709E+16	1
1,44717E+16	1
1,44722E+16	1
1,44729E+15	1
1,44739E+16	1
1,44752E+15	1
1,4475E+16	1
1,44763E+16	1
1,44771E+15	1
1,44788E+15	1
1,44799E+16	1
1,44804E+16	1
1,44811E+16	1
1,44818E+16	1
1,44825E+16	1
1,44837E+16	1
1,4485E+15	1
1,4485E+16	3
1,44879E+16	1
1,4487E+16	1
1,44886E+14	1
1,44889E+16	1
1,44902E+16	1
1,44908E+15	1
1,44911E+16	1
1,44924E+16	1
1,44925E+16	1
1,44937E+15	1
1,44949E+16	1
1,44965E+16	1
1,45007E+16	1
1,45011E+16	3
1,45023E+16	1
1,45029E+16	2
1,45047E+16	1
1,45056E+16	2
1,45062E+14	1
1,45062E+16	1
1,45067E+16	1
1,45073E+15	1
1,45075E+16	1
1,45106E+16	1
1,45113E+16	1
1,45152E+16	1
1,45155E+15	1
1,45174E+16	2
1,4518E+16	2
1,45204E+16	1
1,45226E+16	1
1,45235E+16	1
1,45237E+16	1
1,45244E+16	1
1,45248E+15	1
1,45255E+16	1
1,4525E+16	2
1,45261E+16	1
1,45267E+16	2
1,45275E+16	1
1,45279E+15	1
1,45289E+15	1
1,4528E+13	1
1,45292E+16	1
1,45301E+16	1
1,45303E+16	1
1,45333E+16	2
1,45337E+16	1
1,45396E+16	1
1,45397E+16	1
1,45402E+16	1
1,45412E+16	1
1,45414E+16	1
1,45422E+16	1
1,45429E+16	1
1,45451E+16	1
1,45501E+15	1
1,45501E+16	1
1,45515E+14	1
1,45522E+15	1
1,45542E+16	1
1,45563E+16	1
1,45585E+16	1
1,45595E+16	2
1,45617E+16	1
1,45631E+16	1
1,45635E+16	1
1,45637E+14	1
1,45651E+16	1
1,45654E+16	1
1,45663E+15	1
1,45668E+16	1
1,45674E+16	1
1,45685E+16	1
1,45699E+16	2
1,45706E+16	1
1,45756E+16	1
1,45758E+15	2
1,45779E+16	1
1,45786E+16	1
1,45789E+16	1
1,45806E+16	1
1,45829E+16	1
1,45833E+16	1
1,45847E+16	1
1,4586E+15	1
1,4589E+16	1
1,45923E+15	1
1,45926E+16	1
1,45962E+16	1
1,45975E+16	1
1,45981E+16	1
1,45992E+15	2
1,46003E+16	1
1,46004E+16	1
1,46018E+16	1
1,46025E+16	1
1,46079E+15	1
1,46112E+16	1
1,4612E+16	1
1,46225E+16	2
1,4627E+16	1
1,46287E+16	1
1,4629E+16	1
1,46318E+16	1
1,4631E+16	1
1,46337E+16	1
1,46357E+16	1
1,46362E+15	2
1,46367E+16	2
1,46373E+15	1
1,46411E+16	1
1,46421E+15	1
1,46424E+16	1
1,46429E+16	1
1,46474E+16	1
1,46485E+15	1
1,46485E+16	1
1,46486E+16	1
1,46488E+15	1
1,46495E+16	1
1,46537E+16	1
1,46552E+16	1
1,46617E+16	1
1,46633E+16	2
1,46639E+16	1
1,46642E+16	1
1,46648E+15	1
1,46675E+16	1
1,46682E+16	1
1,46756E+16	1
1,46776E+15	1
1,46808E+16	1
1,46827E+16	1
1,4682E+16	1
1,46861E+15	1
1,46879E+16	1
1,46893E+16	3
1,46922E+16	1
1,46933E+16	1
1,47053E+16	1
1,47127E+16	1
1,47151E+16	1
1,47205E+16	1
1,47226E+16	1
1,4732E+16	1
1,47349E+16	1
1,47353E+16	1
1,47377E+16	5
1,47386E+16	1
1,47388E+15	1
1,47423E+16	1
1,47435E+15	2
1,47465E+16	1
1,47488E+16	1
1,47501E+15	1
1,47505E+16	1
1,47544E+16	2
1,47564E+16	1
1,47575E+16	1
1,47588E+16	1
1,47624E+16	1
1,47631E+16	1
1,47633E+15	1
1,47635E+16	1
1,47644E+16	1
1,47692E+16	1
1,47732E+16	1
1,47744E+16	1
1,47756E+15	1
1,47763E+16	4
1,4776E+16	1
1,47777E+16	2
1,47806E+16	1
1,47823E+16	1
1,47828E+15	1
1,47848E+15	1
1,47872E+16	1
1,47877E+15	1
1,4787E+16	1
1,47925E+15	1
1,47946E+15	1
1,47956E+16	1
1,47962E+16	2
1,47971E+16	1
1,47977E+16	1
1,47986E+16	1
1,47987E+16	1
1,48021E+16	1
1,48034E+16	1
1,4805E+16	1
1,48087E+16	2
1,48093E+15	1
1,48095E+16	1
1,48106E+16	1
1,48133E+16	1
1,48148E+16	1
1,4814E+15	1
1,48164E+15	1
1,48171E+16	1
1,48209E+16	1
1,48247E+15	1
1,48264E+16	1
1,48287E+16	1
1,48304E+16	1
1,4831E+16	1
1,4832E+16	2
1,48334E+16	1
1,48346E+16	1
1,48352E+16	1
1,48363E+16	1
1,48376E+16	1
1,48387E+16	1
1,4839E+16	2
1,48403E+15	1
1,48411E+16	1
1,48413E+16	1
1,48451E+16	1
1,48462E+16	1
1,48484E+16	1
1,48485E+15	1
1,48488E+14	1
1,48552E+16	1
1,48555E+15	1
1,48563E+16	1
1,48574E+16	1
1,48577E+16	3
1,48582E+16	1
1,48606E+15	1
1,48646E+16	1
1,48649E+16	1
1,48651E+16	2
1,48694E+16	1
1,4869E+16	2
1,48736E+15	1
1,48738E+16	1
1,48753E+16	2
1,48757E+14	1
1,48775E+16	1
1,4879E+16	2
1,48826E+16	1
1,48843E+16	1
1,48845E+16	2
1,48846E+16	1
1,48874E+16	1
1,48919E+16	1
1,48971E+16	1
1,48972E+16	1
1,48978E+16	1
1,49009E+16	2
1,49017E+16	1
1,49023E+16	1
1,49043E+16	1
1,4909E+16	1
1,49101E+16	1
1,4914E+15	1
1,4914E+16	1
1,49161E+16	1
1,49192E+16	1
1,49203E+16	1
1,49204E+16	1
1,49236E+16	1
1,49238E+16	1
1,49265E+16	2
1,49266E+16	1
1,49271E+16	1
1,49306E+16	1
1,49321E+15	1
1,49327E+16	1
1,49341E+16	1
1,49353E+16	1
1,49357E+15	1
1,49418E+15	1
1,49436E+16	1
1,49442E+16	1
1,49465E+15	1
1,49486E+16	1
1,49506E+16	1
1,49536E+16	1
1,49554E+16	1
1,49571E+16	1
1,49582E+13	2
1,49583E+16	1
1,49608E+15	1
1,49632E+15	1
1,49635E+16	1
1,4964E+15	1
1,49653E+16	1
1,49657E+16	1
1,49675E+16	1
1,49683E+16	1
1,49689E+16	1
1,49719E+14	1
1,49728E+16	1
1,49752E+16	1
1,49758E+16	1
1,49771E+16	1
1,49791E+16	2
1,49816E+16	1
1,49818E+16	1
1,49873E+16	1
1,49877E+16	1
1,49894E+16	1
1,49936E+16	3
1,4993E+15	1
1,49952E+15	1
1,49954E+15	1
1,49971E+15	1
1,49981E+15	1
1,50029E+16	1
1,50047E+16	1
1,50056E+16	1
1,50058E+16	1
1,50065E+15	1
1,50066E+16	1
1,50087E+16	1
1,50095E+15	1
1,50097E+16	1
1,50114E+16	1
1,50145E+16	1
1,50163E+15	1
1,50194E+16	1
1,50201E+16	1
1,50207E+16	1
1,50211E+14	1
1,50218E+16	1
1,50231E+14	1
1,50237E+16	1
1,50249E+16	1
1,50258E+16	1
1,50267E+16	1
1,5026E+16	1
1,50276E+15	1
1,50279E+16	1
1,50373E+15	1
1,50373E+16	1
1,50376E+16	1
1,50379E+15	1
1,50395E+15	2
1,503E+16	3
1,50404E+16	1
1,50473E+16	1
1,50475E+16	2
1,50479E+16	1
1,50505E+16	1
1,50509E+15	2
1,50509E+16	1
1,50534E+16	1
1,50538E+16	1
1,50565E+16	1
1,50579E+16	1
1,50592E+15	1
1,50605E+16	1
1,50607E+16	1
1,50611E+16	1
1,50634E+16	1
1,50642E+16	1
1,50654E+16	1
1,50673E+16	1
1,50677E+16	1
1,50682E+15	1
1,5068E+16	1
1,50702E+16	1
1,50716E+16	1
1,50719E+16	1
1,50745E+16	1
1,50748E+16	1
1,50761E+16	1
1,50769E+16	1
1,50772E+16	1
1,50777E+15	1
1,50786E+16	1
1,50826E+16	1
1,50831E+16	1
1,50839E+16	1
1,50863E+16	1
1,50865E+16	1
1,50907E+15	1
1,50922E+15	1
1,50924E+16	1
1,50943E+15	1
1,50965E+16	1
1,50993E+15	1
1,51046E+16	1
1,51097E+16	1
1,51101E+16	1
1,5112E+16	1
1,51163E+15	1
1,51221E+15	2
1,51243E+15	1
1,51277E+15	1
1,5128E+16	1
1,51293E+16	1
1,51294E+16	2
1,51326E+16	1
1,51341E+16	1
1,51355E+16	1
1,51408E+16	1
1,51439E+15	1
1,51463E+16	1
1,51465E+16	1
1,51486E+16	1
1,51496E+16	1
1,51528E+16	1
1,51609E+16	1
1,51644E+16	1
1,51646E+16	1
1,51663E+16	1
1,51666E+16	1
1,51675E+15	1
1,5167E+16	1
1,51717E+15	1
1,51731E+16	1
1,5176E+16	1
1,51778E+15	1
1,51804E+16	2
1,51809E+16	1
1,51817E+16	1
1,51847E+15	1
1,51864E+14	1
1,51878E+16	1
1,51899E+15	1
1,52011E+14	1
1,5202E+16	1
1,52068E+16	1
1,52075E+15	1
1,52096E+16	1
1,52099E+16	1
1,5209E+16	1
1,52136E+16	1
1,52139E+16	1
1,52142E+15	1
1,52192E+14	1
1,52194E+16	1
1,5223E+16	1
1,52244E+16	3
1,52265E+15	1
1,52285E+16	1
1,52315E+16	1
1,52335E+16	1
1,52366E+16	1
1,52385E+16	1
1,52429E+16	1
1,52464E+15	1
1,52535E+16	1
1,52623E+16	1
1,52625E+16	1
1,52646E+15	1
1,52667E+16	1
1,52673E+16	1
1,52689E+16	1
1,52708E+16	1
1,52715E+16	1
1,52738E+16	1
1,52799E+16	1
1,52823E+16	2
1,52841E+16	1
1,52854E+16	1
1,5286E+16	1
1,52923E+16	2
1,52946E+16	1
1,53008E+16	1
1,53053E+16	1
1,53106E+16	1
1,53107E+16	1
1,53122E+16	1
1,53135E+16	1
1,53157E+16	2
1,53167E+16	2
1,53199E+15	1
1,53224E+16	1
1,53262E+15	1
1,53273E+16	1
1,53333E+16	100
1,53362E+16	1
1,53364E+15	1
1,53386E+15	1
1,53399E+16	1
1,5339E+16	1
1,53453E+15	1
1,53454E+16	1
1,53487E+16	1
1,53491E+16	1
1,53553E+16	1
1,53557E+16	1
1,53574E+16	1
1,53586E+16	1
1,53588E+16	1
1,53632E+16	1
1,53686E+15	1
1,53697E+15	1
1,53768E+16	1
1,53812E+16	1
1,5382E+16	1
1,53846E+16	1
1,53877E+14	1
1,53888E+15	1
1,5388E+16	1
1,53917E+16	1
1,53918E+15	1
1,53944E+16	1
1,53963E+16	1
1,53972E+16	1
1,53979E+15	1
1,54014E+16	2
1,54054E+16	1
1,54081E+16	1
1,54162E+16	1
1,54189E+16	1
1,54216E+15	2
1,5422E+16	1
1,54301E+16	1
1,54305E+16	1
1,54372E+16	1
1,54391E+16	1
1,5441E+16	1
1,54433E+16	1
1,54459E+16	1
1,5445E+15	1
1,54513E+16	3
1,54527E+16	1
1,54542E+15	1
1,54542E+16	1
1,54547E+15	1
1,54557E+14	1
1,54559E+16	1
1,54652E+16	1
1,54654E+16	1
1,54699E+16	1
1,54719E+16	1
1,54738E+15	1
1,54743E+15	1
1,5474E+15	1
1,54764E+15	1
1,54771E+15	1
1,5483E+16	1
1,54867E+16	2
1,54884E+16	1
1,54901E+16	1
1,54932E+16	1
1,5493E+16	1
1,5494E+16	1
1,54955E+15	1
1,55014E+16	1
1,55025E+16	1
1,5502E+15	1
1,55106E+16	1
1,55109E+16	1
1,55112E+16	1
1,55113E+16	1
1,55134E+14	1
1,5515E+16	1
1,55169E+16	1
1,55182E+15	1
1,55211E+16	2
1,55221E+16	1
1,55239E+16	1
1,5528E+16	1
1,55323E+15	1
1,55367E+15	1
1,55393E+16	1
1,5539E+16	1
1,55418E+16	1
1,55442E+15	1
1,55476E+16	1
1,55499E+15	1
1,55534E+16	1
1,55547E+15	1
1,55548E+16	1
1,55609E+16	2
1,55613E+16	1
1,55631E+14	1
1,5566E+16	2
1,55746E+15	1
1,55769E+15	1
1,5577E+16	1
1,55794E+16	1
1,55803E+16	1
1,55807E+15	1
1,55886E+15	1
1,55917E+16	2
1,55955E+16	1
1,55967E+16	1
1,56005E+16	1
1,56009E+16	1
1,56011E+15	1
1,56069E+16	1
1,56091E+16	1
1,56096E+16	1
1,56101E+16	1
1,56106E+14	1
1,56124E+16	1
1,56152E+16	1
1,56186E+16	1
1,5618E+15	1
1,56194E+15	1
1,56198E+16	1
1,5619E+16	1
1,56203E+16	1
1,56226E+16	1
1,56239E+16	1
1,56245E+16	1
1,56276E+16	1
1,56291E+15	1
1,56332E+16	1
1,56357E+15	1
1,5635E+16	1
1,56375E+16	1
1,56394E+16	1
1,56417E+16	1
1,56491E+16	1
1,56529E+16	2
1,56534E+16	1
1,56538E+16	1
1,56555E+16	1
1,56575E+16	1
1,56643E+16	1
1,56652E+16	2
1,56658E+15	2
1,56688E+16	1
1,56709E+16	1
1,56729E+15	1
1,56745E+15	1
1,56866E+16	3
1,56872E+16	1
1,56952E+16	1
1,56965E+15	1
1,56972E+16	1
1,56984E+16	1
1,57006E+16	1
1,57072E+16	1
1,57081E+16	1
1,57091E+15	1
1,57156E+16	1
1,57174E+15	2
1,57186E+15	2
1,57201E+15	1
1,57203E+16	1
1,57214E+15	2
1,57219E+16	1
1,57249E+16	1
1,57255E+16	1
1,5726E+16	1
1,57393E+15	1
1,57418E+16	1
1,57444E+16	2
1,57508E+16	1
1,57534E+16	1
1,57537E+16	1
1,57555E+16	2
1,57597E+16	1
1,57611E+16	1
1,57627E+15	1
1,57764E+16	1
1,57776E+16	1
1,57792E+16	1
1,57812E+16	1
1,57841E+16	1
1,57859E+15	1
1,57866E+15	1
1,57959E+16	1
1,5795E+16	1
1,57974E+15	1
1,57975E+16	1
1,57976E+16	1
1,58027E+15	1
1,58079E+16	1
1,5807E+16	2
1,58105E+16	1
1,58128E+16	1
1,58129E+16	1
1,58199E+16	1
1,58224E+16	1
1,58262E+15	1
1,58263E+16	1
1,58288E+16	1
1,58303E+15	1
1,58323E+15	1
1,58329E+15	1
1,58348E+16	1
1,583E+14	1
1,58426E+16	1
1,58441E+16	1
1,58463E+15	1
1,58469E+15	1
1,58499E+16	1
1,58519E+16	1
1,58532E+16	1
1,58537E+16	1
1,58557E+16	1
1,5861E+16	1
1,58621E+16	1
1,58658E+15	1
1,5873E+16	1
1,58827E+16	1
1,5885E+16	1
1,58893E+15	1
1,58919E+16	1
1,58996E+15	1
1,58E+16	1
1,59006E+16	1
1,59053E+16	1
1,59056E+16	1
1,59073E+16	2
1,59107E+16	1
1,59135E+16	2
1,59138E+16	1
1,59148E+15	1
1,59166E+16	1
1,59174E+16	1
1,59223E+16	1
1,59233E+16	1
1,59238E+16	1
1,59277E+15	1
1,59413E+16	1
1,59423E+14	1
1,59428E+16	2
1,59461E+16	6
1,59473E+15	1
1,59549E+16	1
1,59553E+16	1
1,5958E+16	1
1,59614E+16	1
1,59699E+15	1
1,59798E+15	1
1,59824E+15	1
1,60015E+16	1
1,60058E+16	1
1,60083E+15	2
1,60102E+16	1
1,60205E+16	1
1,60234E+16	1
1,60305E+16	1
1,60311E+16	1
1,60336E+16	1
1,60362E+15	1
1,60363E+16	1
1,60377E+16	1
1,60434E+16	1
1,60489E+16	1
1,60496E+16	1
1,60503E+16	1
1,60552E+16	1
1,60604E+16	1
1,60615E+15	1
1,60637E+16	1
1,60657E+15	1
1,60698E+16	1
1,60737E+15	1
1,60743E+15	1
1,60754E+15	1
1,60833E+16	1
1,60872E+16	1
1,60949E+14	1
1,60964E+16	1
1,6096E+16	1
1,61106E+16	1
1,61123E+16	1
1,61152E+16	1
1,61221E+16	1
1,61248E+16	1
1,61268E+15	1
1,61318E+16	1
1,6136E+16	1
1,61393E+15	1
1,61439E+16	1
1,61445E+15	1
1,61459E+16	1
1,61481E+16	1
1,61491E+16	1
1,61521E+16	1
1,61612E+16	2
1,61642E+16	1
1,61643E+16	1
1,61657E+16	1
1,61735E+16	1
1,61752E+16	1
1,61783E+16	1
1,61793E+15	1
1,61862E+16	1
1,61877E+16	1
1,61919E+16	1
1,61929E+16	1
1,61937E+16	1
1,61951E+16	1
1,61997E+16	1
1,619E+15	1
1,62072E+16	1
1,62151E+15	1
1,6218E+16	1
1,62211E+16	2
1,62239E+15	1
1,62279E+16	1
1,62323E+16	1
1,62349E+16	6
1,62368E+16	1
1,62409E+16	1
1,62546E+16	1
1,62576E+15	1
1,62583E+15	1
1,62605E+16	1
1,62612E+16	1
1,62618E+16	1
1,62637E+16	1
1,62695E+15	1
1,62709E+14	1
1,62774E+16	1
1,627E+16	1
1,62814E+16	1
1,62852E+16	1
1,62865E+16	1
1,62943E+16	1
1,62956E+16	1
1,63017E+16	1
1,63051E+15	1
1,63118E+15	1
1,63169E+16	1
1,6321E+15	1
1,63239E+16	1
1,63243E+15	1
1,63262E+16	1
1,63311E+15	1
1,63326E+14	1
1,63342E+15	1
1,6335E+16	1
1,63378E+16	1
1,63399E+16	1
1,6339E+16	1
1,6341E+16	1
1,63429E+15	1
1,63477E+15	1
1,63582E+16	2
1,63592E+16	1
1,63678E+16	1
1,63725E+16	1
1,63742E+16	1
1,63751E+15	1
1,63756E+16	1
1,63761E+16	1
1,63784E+16	1
1,63846E+16	1
1,63907E+16	1
1,63938E+16	1
1,63948E+16	1
1,63962E+15	1
1,63975E+15	1
1,63978E+16	1
1,64031E+16	1
1,64096E+16	2
1,64098E+16	1
1,6409E+16	1
1,64119E+15	1
1,64131E+15	1
1,64132E+15	1
1,64231E+16	1
1,64268E+16	1
1,64293E+16	2
1,64295E+16	2
1,64303E+15	1
1,64313E+16	1
1,64351E+15	1
1,64391E+16	1
1,64444E+16	1
1,64463E+15	1
1,64471E+15	2
1,64479E+16	2
1,64494E+16	1
1,644E+16	3
1,64525E+16	1
1,64528E+15	1
1,64531E+16	1
1,64534E+16	1
1,64537E+15	1
1,64578E+16	1
1,64593E+16	1
1,64609E+15	1
1,6462E+16	1
1,64636E+16	1
1,6471E+15	1
1,64727E+16	1
1,64783E+16	1
1,64796E+16	1
1,64811E+16	1
1,64895E+16	1
1,64936E+15	1
1,64958E+16	1
1,64978E+15	1
1,65047E+16	1
1,65056E+16	1
1,65087E+16	1
1,6511E+15	1
1,6513E+16	2
1,65153E+16	1
1,65185E+15	1
1,65192E+15	2
1,65209E+15	1
1,65255E+16	1
1,65285E+16	1
1,65377E+16	1
1,65385E+16	1
1,65407E+16	1
1,65434E+15	1
1,65455E+16	1
1,65541E+15	1
1,655E+16	1
1,65603E+15	1
1,65631E+16	1
1,65723E+15	1
1,65839E+15	1
1,6586E+16	1
1,6587E+15	1
1,65887E+16	1
1,6591E+16	1
1,65946E+16	1
1,66023E+16	1
1,66037E+16	1
1,66057E+16	1
1,66071E+16	1
1,66116E+16	2
1,66191E+16	1
1,66193E+16	1
1,66229E+15	2
1,66248E+16	2
1,66261E+16	1
1,66277E+15	1
1,66294E+16	1
1,66338E+16	1
1,66346E+16	1
1,66363E+16	1
1,6638E+16	1
1,66402E+15	1
1,66464E+15	1
1,66499E+16	1
1,66605E+16	1
1,66724E+16	1
1,66734E+16	2
1,66753E+16	1
1,66799E+16	1
1,66835E+15	2
1,66837E+15	1
1,66936E+15	1
1,66996E+15	1
1,66998E+16	1
1,67076E+15	2
1,67102E+15	1
1,67107E+16	1
1,67168E+15	1
1,67199E+16	1
1,67266E+15	3
1,67318E+15	1
1,67369E+16	1
1,67372E+15	1
1,67382E+16	1
1,67388E+16	1
1,67397E+15	1
1,67404E+16	1
1,67407E+16	1
1,67422E+16	6
1,67436E+15	1
1,67438E+16	2
1,6743E+16	1
1,67447E+16	1
1,67487E+16	1
1,67537E+14	1
1,67566E+16	1
1,67571E+16	1
1,67577E+16	1
1,67598E+16	1
1,67621E+16	1
1,67626E+16	1
1,67648E+16	1
1,67675E+16	1
1,67788E+16	1
1,67795E+16	1
1,67818E+15	2
1,67837E+16	1
1,67849E+16	1
1,67916E+16	1
1,67983E+15	1
1,68074E+16	1
1,68104E+16	1
1,68175E+16	1
1,68241E+15	1
1,68251E+16	1
1,68309E+15	1
1,68343E+16	1
1,68344E+16	1
1,68364E+15	1
1,68443E+15	2
1,68476E+16	1
1,68485E+15	2
1,68498E+15	1
1,6851E+15	1
1,68576E+15	1
1,68578E+16	1
1,6859E+16	1
1,68665E+16	1
1,68683E+16	1
1,68713E+15	1
1,68748E+16	1
1,68815E+16	1
1,68829E+16	1
1,68833E+16	1
1,68911E+15	1
1,68915E+16	1
1,6892E+15	1
1,68943E+15	1
1,68979E+16	1
1,69063E+16	1
1,69096E+16	1
1,69178E+15	1
1,69209E+16	1
1,69231E+16	1
1,69399E+16	1
1,69439E+16	1
1,69486E+16	1
1,69492E+15	1
1,69499E+16	1
1,69522E+16	1
1,69549E+14	1
1,6958E+16	1
1,69755E+16	1
1,69758E+15	1
1,69818E+14	1
1,69836E+15	1
1,69848E+15	1
1,6986E+16	1
1,69928E+16	1
1,69948E+16	6
1,69976E+16	1
1,69988E+16	1
1,69991E+16	1
1,70006E+16	2
1,70045E+16	1
1,70071E+14	1
1,70137E+16	1
1,7016E+16	1
1,7025E+16	1
1,70421E+16	1
1,70537E+16	1
1,70547E+14	1
1,70597E+16	1
1,70621E+16	1
1,70708E+16	1
1,70727E+16	1
1,70736E+16	1
1,7085E+16	1
1,70877E+16	1
1,70927E+15	1
1,70944E+16	1
1,70962E+16	1
1,7101E+16	1
1,71107E+16	1
1,71159E+15	1
1,71298E+16	1
1,71402E+16	1
1,71607E+15	1
1,71644E+15	1
1,71706E+16	1
1,71764E+16	1
1,71781E+16	1
1,71785E+16	1
1,71838E+16	1
1,71849E+16	1
1,71883E+15	1
1,71906E+16	1
1,71998E+16	1
1,7213E+16	1
1,72172E+16	1
1,72173E+16	1
1,72243E+16	1
1,72275E+16	1
1,72319E+16	1
1,72344E+16	1
1,72346E+15	1
1,72465E+16	1
1,72542E+15	2
1,72559E+16	1
1,72643E+15	1
1,72663E+16	1
1,72673E+16	2
1,72754E+15	1
1,72782E+15	1
1,72804E+16	1
1,72805E+16	1
1,72821E+16	1
1,72917E+16	1
1,72918E+16	1
1,72934E+16	1
1,72974E+15	1
1,7297E+15	1
1,73053E+14	1
1,73093E+16	1
1,73135E+16	1
1,73164E+16	1
1,7317E+16	1
1,73321E+16	1
1,73363E+16	1
1,73396E+16	1
1,7339E+16	1
1,7342E+15	1
1,73435E+16	1
1,73478E+16	1
1,73482E+16	1
1,73501E+16	1
1,73652E+16	1
1,73654E+16	1
1,73704E+16	1
1,73751E+16	1
1,7377E+15	1
1,73788E+16	1
1,7397E+16	1
1,73E+16	1
1,74053E+14	1
1,7406E+16	1
1,74094E+15	1
1,74114E+16	1
1,74127E+16	1
1,74213E+16	1
1,74635E+16	1
1,74675E+16	1
1,74723E+15	1
1,74729E+16	1
1,74762E+16	1
1,74913E+16	1
1,74992E+16	1
1,75027E+15	1
1,75061E+16	1
1,75083E+15	1
1,75115E+16	2
1,75117E+15	1
1,75149E+16	1
1,75231E+16	1
1,75316E+15	1
1,75338E+16	1
1,75382E+15	1
1,75393E+16	1
1,75398E+16	1
1,75417E+16	2
1,75467E+16	1
1,75472E+16	5
1,75521E+16	1
1,75534E+16	1
1,75816E+16	1
1,7586E+16	1
1,75874E+16	1
1,75939E+16	1
1,75972E+13	1
1,75993E+16	1
1,75998E+15	1
1,76009E+16	1
1,76015E+16	1
1,76018E+16	1
1,7614E+15	1
1,76168E+16	1
1,76244E+16	2
1,76257E+16	1
1,76322E+16	3
1,76324E+15	1
1,76524E+16	1
1,76636E+15	1
1,76666E+16	1
1,76775E+15	1
1,76798E+16	1
1,76837E+16	1
1,76915E+15	1
1,76922E+16	1
1,76982E+16	1
1,77081E+16	1
1,77111E+16	1
1,77235E+16	1
1,77295E+16	2
1,77322E+16	1
1,7734E+16	1
1,77358E+16	1
1,77454E+16	1
1,77481E+15	1
1,77508E+16	2
1,77563E+16	1
1,77593E+16	1
1,77613E+16	1
1,77638E+16	1
1,77642E+16	1
1,77793E+15	1
1,77837E+16	1
1,77845E+16	1
1,7786E+16	1
1,77901E+16	1
1,77955E+16	1
1,77959E+16	2
1,78019E+15	1
1,78075E+15	1
1,78226E+15	1
1,78233E+15	1
1,78285E+16	1
1,7828E+15	1
1,78377E+15	1
1,78436E+16	1
1,7844E+16	1
1,7851E+16	1
1,78627E+16	1
1,78707E+16	1
1,78775E+15	1
1,78777E+16	1
1,78801E+16	1
1,78843E+14	1
1,78969E+15	1
1,79034E+16	1
1,79036E+16	3
1,79054E+12	1
1,79069E+16	1
1,79092E+16	1
1,79124E+16	1
1,79165E+15	1
1,79298E+16	1
1,79304E+15	1
1,79371E+15	1
1,79415E+16	1
1,79434E+16	1
1,79474E+15	1
1,79475E+16	1
1,79515E+15	1
1,79521E+16	1
1,79625E+16	6
1,79647E+15	1
1,79806E+16	1
1,79816E+15	1
1,79817E+16	4
1,7986E+16	1
1,79879E+15	1
1,798E+16	1
1,79962E+16	1
1,79971E+15	3
1,80013E+16	1
1,80036E+16	6
1,80235E+16	1
1,80334E+16	1
1,80338E+16	1
1,80347E+15	1
1,80366E+15	1
1,80446E+16	1
1,80523E+16	3
1,80628E+15	3
1,80785E+16	1
1,81081E+16	1
1,8112E+16	1
1,81246E+16	1
1,81275E+16	1
1,81366E+15	1
1,81509E+15	1
1,81539E+15	1
1,81569E+16	1
1,81661E+15	1
1,81735E+16	1
1,81901E+16	1
1,81942E+16	5
1,82004E+16	2
1,82006E+15	4
1,82011E+16	1
1,82107E+16	1
1,82277E+16	2
1,82318E+15	1
1,82333E+16	1
1,82356E+15	2
1,82375E+16	1
1,82436E+15	1
1,82528E+16	1
1,82563E+16	1
1,82609E+15	1
1,82629E+16	3
1,82689E+16	1
1,82707E+16	1
1,82748E+16	3
1,82771E+16	1
1,82772E+16	1
1,8278E+15	1
1,82871E+16	1
1,82904E+16	2
1,82925E+16	1
1,82965E+16	1
1,82976E+15	4
1,82994E+16	1
1,83007E+15	1
1,83014E+16	22
1,83017E+16	2
1,83027E+15	1
1,83053E+16	1
1,83153E+16	1
1,83246E+16	1
1,83267E+15	2
1,83279E+16	1
1,83296E+16	1
1,83344E+16	2
1,8357E+15	1
1,83679E+16	1
1,83755E+16	1
1,83799E+16	2
1,83876E+16	1
1,83915E+16	1
1,8393E+15	1
1,84017E+16	2
1,84065E+16	1
1,84149E+15	1
1,8414E+16	1
1,84198E+15	1
1,84249E+15	1
1,842E+15	1
1,84326E+15	1
1,84354E+16	1
1,84469E+16	1
1,84543E+16	1
1,84646E+15	2
1,84733E+16	1
1,84838E+16	1
1,84878E+15	2
1,84899E+16	1
1,84925E+15	1
1,8495E+16	1
1,84989E+15	1
1,85221E+16	1
1,85258E+16	1
1,85312E+16	1
1,85345E+15	8
1,85367E+16	1
1,854E+16	1
1,85517E+15	1
1,85666E+15	1
1,85713E+16	1
1,85739E+16	1
1,85836E+16	1
1,85887E+16	1
1,85934E+15	1
1,85944E+15	1
1,85945E+16	1
1,8608E+15	3
1,86127E+16	1
1,86244E+16	1
1,863E+15	1
1,86489E+16	2
1,86528E+16	1
1,86559E+14	1
1,86578E+16	1
1,86601E+15	1
1,86632E+16	1
1,86663E+16	1
1,86713E+16	1
1,86717E+16	1
1,8674E+16	1
1,86775E+16	1
1,86849E+16	1
1,86911E+16	1
1,8696E+16	1
1,87145E+16	1
1,87181E+16	2
1,87186E+16	2
1,87263E+15	1
1,87486E+16	1
1,8748E+16	1
1,87564E+16	1
1,87721E+16	1
1,87758E+16	1
1,87763E+15	1
1,87811E+16	1
1,87813E+16	1
1,87848E+14	1
1,87859E+16	1
1,87869E+16	1
1,87903E+16	1
1,87979E+16	1
1,87989E+16	1
1,87997E+16	1
1,88062E+16	1
1,88141E+16	1
1,88433E+15	1
1,88485E+16	1
1,88582E+16	1
1,88586E+16	2
1,88861E+16	1
1,88872E+16	1
1,88976E+15	1
1,89205E+16	1
1,89208E+16	1
1,89342E+15	1
1,89489E+16	1
1,89494E+15	6
1,894E+16	1
1,89597E+16	3
1,89614E+16	2
1,89756E+16	1
1,89766E+16	1
1,89958E+15	1
1,90035E+16	1
1,90038E+15	1
1,90179E+16	1
1,90214E+16	1
1,90442E+16	1
1,90521E+16	1
1,90566E+16	1
1,90617E+16	1
1,90673E+16	1
1,90824E+16	1
1,90835E+15	2
1,90857E+15	1
1,90864E+15	1
1,90892E+16	1
1,91004E+16	2
1,91006E+16	1
1,91013E+16	1
1,91025E+16	2
1,9106E+15	1
1,91127E+16	3
1,91168E+15	1
1,91176E+16	1
1,91247E+16	1
1,91313E+16	1
1,91344E+16	1
1,91432E+16	1
1,91441E+15	1
1,91502E+16	1
1,91518E+16	1
1,91523E+16	1
1,91558E+15	1
1,91563E+16	1
1,91611E+15	1
1,91628E+16	1
1,91664E+16	1
1,91669E+16	1
1,91788E+15	1
1,91831E+16	1
1,91951E+16	1
1,92024E+16	2
1,9203E+15	1
1,92093E+16	1
1,92214E+16	1
1,92248E+15	1
1,92295E+16	2
1,92333E+15	1
1,92562E+16	1
1,92625E+15	1
1,92652E+15	1
1,92659E+16	1
1,92786E+15	1
1,92791E+16	1
1,92867E+16	1
1,92927E+16	1
1,92993E+16	1
1,93179E+16	1
1,93208E+16	1
1,93237E+16	1
1,93261E+16	1
1,93268E+15	1
1,9336E+15	1
1,93438E+15	1
1,93477E+16	1
1,93512E+16	1
1,93591E+15	1
1,93695E+15	1
1,93782E+16	1
1,93809E+15	1
1,93987E+16	1
1,94006E+16	1
1,94042E+16	1
1,94101E+16	1
1,94127E+15	1
1,94145E+16	1
1,9415E+15	1
1,94234E+16	2
1,94276E+16	1
1,94281E+15	2
1,94299E+16	1
1,94321E+16	1
1,94361E+16	3
1,94468E+16	1
1,94469E+16	1
1,94547E+16	1
1,9478E+16	1
1,94818E+15	3
1,94864E+16	1
1,94905E+16	1
1,94941E+15	1
1,94991E+16	1
1,94999E+16	1
1,95097E+16	2
1,9516E+16	1
1,95178E+16	1
1,95243E+16	2
1,95268E+15	1
1,95396E+16	1
1,95439E+15	1
1,95443E+16	1
1,95537E+16	1
1,95623E+15	1
1,9564E+15	1
1,95652E+15	1
1,95682E+16	1
1,95711E+16	1
1,95811E+15	4
1,96033E+16	1
1,96043E+15	1
1,96049E+16	1
1,96193E+15	1
1,96251E+16	1
1,96271E+15	1
1,96286E+15	1
1,96341E+16	1
1,96352E+16	1
1,96525E+15	1
1,96631E+16	1
1,96653E+16	1
1,96667E+16	1
1,96669E+15	1
1,96725E+16	1
1,96849E+16	1
1,96924E+15	1
1,96955E+16	3
1,96966E+15	1
1,9697E+16	1
1,9698E+16	1
1,96997E+16	1
1,9704E+16	2
1,97213E+16	1
1,97224E+16	1
1,97343E+16	1
1,97414E+16	5
1,97436E+16	1
1,97444E+15	1
1,97582E+16	1
1,97611E+14	1
1,97717E+16	2
1,97736E+16	1
1,97796E+16	1
1,97818E+16	1
1,97841E+15	1
1,97879E+16	1
1,97923E+16	1
1,97944E+16	1
1,97953E+16	1
1,98043E+16	1
1,98082E+15	1
1,98102E+15	1
1,98156E+16	1
1,98329E+16	2
1,98373E+16	1
1,983E+16	1
1,98428E+16	1
1,98503E+14	1
1,98531E+15	1
1,98569E+16	1
1,98597E+15	1
1,98646E+15	1
1,9866E+15	1
1,98725E+15	1
1,98793E+15	2
1,98927E+16	1
1,98958E+15	1
1,99028E+15	1
1,99046E+15	1
1,99069E+16	1
1,99113E+16	1
1,99159E+16	1
1,99183E+16	1
1,9924E+15	1
1,9932E+16	3
1,9935E+15	1
1,99478E+16	1
1,99493E+16	1
1,99509E+16	1
1,99511E+15	1
1,99559E+15	1
1,99641E+16	1
1,99838E+13	1
1,99838E+16	1
1,99855E+16	1
1,99908E+16	1
1,99977E+15	1
125	2
126953125	1
128	1
1314	1
1338	2
134375	1
13671875	1
1368	1
137890625	1
1396	1
14	1
140625	1
142578125	1
14625	1
1475	1
1484375	2
15	1
150390625	1
1574	1
16	1
17734375	1
2,00023E+15	1
2,00046E+15	1
2,0007E+16	1
2,00117E+15	1
2,00135E+16	1
2,00136E+15	1
2,0014E+15	1
2,00188E+16	1
2,00219E+16	1
2,00398E+16	1
2,00411E+16	1
2,00415E+16	1
2,00469E+15	1
2,00557E+16	1
2,00574E+16	1
2,00605E+16	1
2,00714E+16	1
2,00735E+16	1
2,00811E+16	1
2,00813E+16	1
2,00821E+16	1
2,00835E+16	1
2,00874E+16	3
2,00912E+15	1
2,00982E+15	1
2,0098E+16	1
2,01004E+16	1
2,0101E+15	1
2,01145E+16	1
2,01168E+16	1
2,01171E+15	2
2,01256E+16	1
2,01263E+16	1
2,0127E+15	1
2,01287E+16	1
2,01346E+16	1
2,01381E+16	1
2,01385E+16	1
2,01399E+16	3
2,01445E+16	1
2,01493E+16	1
2,01499E+16	1
2,01631E+16	1
2,01725E+16	1
2,01766E+16	1
2,01805E+15	1
2,01829E+16	1
2,01863E+15	1
2,01925E+16	1
2,01938E+16	1
2,01962E+15	1
2,01971E+16	1
2,02033E+16	1
2,02037E+15	1
2,02051E+15	1
2,0212E+15	1
2,02146E+15	1
2,02162E+15	1
2,02169E+15	1
2,02215E+16	1
2,02219E+16	1
2,02256E+16	1
2,02267E+16	1
2,02277E+16	1
2,0229E+15	1
2,02317E+16	1
2,02471E+16	1
2,02541E+15	1
2,02545E+16	1
2,02549E+16	1
2,02556E+15	1
2,02624E+15	1
2,02634E+16	2
2,02645E+15	1
2,02693E+15	1
2,02775E+16	2
2,02786E+16	1
2,02865E+15	1
2,02882E+16	1
2,02894E+16	1
2,02911E+16	1
2,02921E+16	1
2,02934E+16	1
2,02976E+16	1
2,03008E+15	1
2,0303E+16	1
2,03107E+16	1
2,03129E+16	1
2,0312E+15	1
2,03175E+16	1
2,03191E+15	1
2,03196E+16	1
2,03235E+16	1
2,03247E+16	1
2,03267E+16	1
2,03304E+15	1
2,03341E+16	1
2,03354E+15	1
2,03366E+16	1
2,0338E+16	1
2,03396E+15	2
2,03403E+16	1
2,03428E+16	1
2,03541E+16	1
2,03591E+16	1
2,03597E+15	1
2,03608E+15	1
2,03661E+16	1
2,03662E+16	1
2,03671E+16	3
2,03732E+15	1
2,03756E+16	1
2,03814E+16	1
2,03851E+16	1
2,03904E+15	1
2,03923E+16	1
2,0393E+15	1
2,03943E+16	1
2,03998E+15	1
2,04001E+16	1
2,04076E+16	1
2,04113E+16	1
2,04123E+16	1
2,04129E+16	1
2,04162E+15	1
2,04196E+16	1
2,04206E+16	1
2,04231E+16	1
2,04239E+16	2
2,04259E+16	1
2,04317E+15	1
2,04354E+14	1
2,04354E+16	1
2,04372E+16	1
2,04421E+16	1
2,04436E+16	1
2,04477E+15	2
2,04479E+16	1
2,04484E+16	1
2,04489E+14	1
2,04562E+16	1
2,04565E+16	1
2,04605E+16	1
2,04606E+15	1
2,04619E+16	1
2,04622E+16	1
2,04706E+16	1
2,04803E+16	1
2,04804E+15	1
2,04849E+16	1
2,04904E+15	1
2,05203E+16	1
2,05211E+16	1
2,05227E+16	1
2,05271E+16	1
2,05318E+16	1
2,05346E+16	1
2,05384E+16	1
2,053E+16	3
2,05424E+16	1
2,05492E+16	1
2,05514E+15	1
2,05532E+16	2
2,0568E+15	1
2,05698E+16	1
2,05748E+16	2
2,05784E+16	1
2,057E+16	1
2,05808E+16	1
2,05875E+16	1
2,05889E+16	1
2,05919E+16	1
2,05925E+16	1
2,05957E+16	1
2,05989E+16	1
2,06022E+16	1
2,06094E+15	1
2,06123E+16	1
2,06164E+16	1
2,06207E+16	1
2,06323E+15	1
2,06347E+16	1
2,06353E+16	1
2,06361E+16	1
2,06401E+16	1
2,06423E+16	1
2,06452E+16	1
2,06468E+14	1
2,06473E+15	1
2,06479E+16	1
2,06482E+16	1
2,0651E+15	1
2,06561E+15	1
2,0656E+15	1
2,06585E+16	1
2,06632E+16	1
2,06675E+15	1
2,06683E+16	1
2,06751E+16	2
2,0684E+16	1
2,06859E+14	1
2,06863E+16	1
2,06918E+16	1
2,06926E+15	1
2,06986E+14	1
2,07034E+15	1
2,07068E+16	1
2,07084E+16	1
2,07103E+16	1
2,07108E+16	1
2,07153E+16	1
2,07154E+16	1
2,07164E+16	1
2,07175E+16	1
2,07234E+16	1
2,07236E+16	1
2,07298E+15	1
2,07321E+16	1
2,07335E+16	1
2,07374E+16	1
2,07434E+16	1
2,07453E+16	1
2,07485E+16	1
2,07531E+16	2
2,07538E+16	1
2,07545E+16	1
2,07552E+16	1
2,07556E+14	1
2,07568E+16	1
2,0759E+15	1
2,07648E+16	1
2,07709E+16	1
2,07764E+16	1
2,07789E+16	1
2,07815E+16	1
2,07821E+16	1
2,07832E+16	1
2,07833E+16	1
2,07835E+16	1
2,07855E+16	1
2,0787E+16	1
2,07887E+16	1
2,078E+15	1
2,07905E+16	1
2,07935E+16	1
2,07955E+16	1
2,08022E+16	1
2,08073E+15	1
2,08082E+16	1
2,08111E+16	1
2,08116E+16	1
2,08283E+16	1
2,08339E+16	2
2,08363E+16	1
2,08389E+16	1
2,08396E+14	1
2,08399E+15	1
2,08402E+16	1
2,0841E+15	2
2,08459E+15	2
2,08477E+16	1
2,08488E+16	1
2,08493E+16	1
2,08522E+16	1
2,08598E+16	1
2,085E+16	1
2,08662E+16	1
2,08692E+15	1
2,08705E+16	1
2,08716E+16	1
2,08751E+16	1
2,08831E+16	1
2,08935E+15	1
2,08939E+16	1
2,08989E+16	1
2,09038E+16	3
2,09108E+16	1
2,09133E+16	1
2,09158E+16	2
2,09206E+16	1
2,09216E+16	1
2,09263E+15	1
2,09404E+15	1
2,09468E+16	1
2,09537E+16	1
2,09554E+15	1
2,09604E+16	1
2,09662E+16	1
2,09668E+16	1
2,09717E+16	1
2,09738E+16	1
2,09744E+16	1
2,0976E+16	1
2,09784E+16	1
2,09817E+15	1
2,0981E+16	1
2,09838E+15	1
2,09848E+16	1
2,0985E+16	1
2,09905E+16	1
2,09907E+16	1
2,10115E+16	1
2,10136E+16	1
2,10169E+16	1
2,10272E+16	1
2,10307E+16	2
2,10323E+16	1
2,1036E+15	1
2,10378E+16	1
2,10449E+14	1
2,10468E+16	1
2,10598E+15	1
2,10626E+16	2
2,10652E+15	1
2,10665E+15	2
2,10739E+16	1
2,10777E+16	2
2,10781E+14	1
2,10803E+16	1
2,10825E+16	1
2,10855E+16	1
2,10856E+16	1
2,10912E+15	1
2,10963E+15	1
2,10976E+16	1
2,10997E+15	1
2,11003E+16	1
2,11036E+15	1
2,11042E+16	1
2,11171E+15	1
2,11194E+16	1
2,11207E+16	2
2,11243E+15	1
2,1124E+15	1
2,11351E+16	1
2,11365E+16	1
2,11426E+16	2
2,11498E+15	1
2,1151E+16	1
2,11546E+16	1
2,11571E+16	1
2,11582E+15	1
2,11595E+16	1
2,11646E+16	1
2,11688E+16	1
2,11726E+16	1
2,117E+16	1
2,11825E+16	1
2,11828E+16	1
2,11829E+16	1
2,11858E+16	1
2,11874E+15	1
2,11915E+16	1
2,11981E+16	1
2,1201E+16	1
2,12032E+16	1
2,12044E+16	1
2,12056E+16	1
2,12061E+15	1
2,12095E+16	1
2,12114E+15	1
2,12117E+16	1
2,12132E+16	1
2,12207E+15	1
2,12256E+16	1
2,12268E+15	1
2,1226E+16	1
2,1227E+16	1
2,12287E+16	1
2,1229E+16	1
2,12308E+15	1
2,12318E+16	1
2,12406E+16	1
2,12434E+15	1
2,1245E+15	1
2,12503E+16	1
2,12526E+15	1
2,12533E+16	1
2,12548E+16	2
2,12554E+15	1
2,12596E+16	1
2,12661E+16	1
2,12737E+15	1
2,12769E+16	2
2,12853E+15	2
2,12857E+14	1
2,12871E+16	1
2,12905E+16	1
2,12944E+15	1
2,12995E+16	1
2,13054E+16	1
2,13064E+15	1
2,13104E+16	1
2,13119E+16	1
2,13166E+16	1
2,13244E+16	1
2,13305E+15	1
2,13319E+16	1
2,13345E+16	1
2,13375E+16	1
2,13472E+15	1
2,13504E+16	1
2,13518E+16	1
2,13524E+16	1
2,13526E+16	1
2,1355E+16	1
2,13574E+16	1
2,13589E+15	1
2,13623E+15	1
2,13658E+15	1
2,13691E+15	1
2,13713E+16	1
2,1373E+16	1
2,13745E+16	1
2,13826E+16	1
2,13836E+16	1
2,13984E+15	1
2,14026E+15	1
2,14067E+16	1
2,14106E+16	1
2,14107E+16	1
2,14203E+16	1
2,14204E+16	1
2,14205E+16	1
2,1424E+16	1
2,14267E+16	2
2,14407E+16	1
2,14424E+16	1
2,14482E+16	1
2,14495E+16	1
2,14496E+15	1
2,14516E+16	1
2,14598E+16	1
2,14604E+16	2
2,14617E+16	1
2,14632E+16	1
2,14754E+16	1
2,14768E+16	1
2,14797E+16	1
2,14798E+16	1
2,14859E+15	1
2,14883E+16	1
2,14979E+16	1
2,14992E+15	1
2,14995E+15	1
2,15069E+16	1
2,15082E+16	1
2,15131E+16	1
2,15135E+16	1
2,15137E+15	1
2,15177E+15	1
2,15183E+16	1
2,15239E+16	1
2,15349E+16	1
2,15371E+16	1
2,15395E+16	1
2,15398E+16	1
2,15441E+16	1
2,15497E+16	1
2,15522E+16	2
2,15529E+16	1
2,15574E+16	1
2,15584E+16	1
2,15659E+16	1
2,15686E+16	1
2,156E+15	1
2,15739E+16	1
2,15745E+15	1
2,1579E+16	1
2,15815E+15	1
2,15886E+16	1
2,15899E+16	1
2,15909E+15	1
2,15934E+16	1
2,15956E+15	1
2,15987E+16	1
2,16032E+16	1
2,16052E+16	1
2,16083E+14	1
2,16157E+16	1
2,16178E+16	1
2,16234E+16	1
2,16275E+16	1
2,16276E+16	1
2,16335E+16	1
2,16373E+15	1
2,16439E+15	1
2,16452E+16	1
2,16499E+16	1
2,16557E+15	1
2,16626E+16	1
2,16645E+16	1
2,16658E+16	1
2,16707E+16	1
2,16742E+16	1
2,16794E+16	1
2,16805E+16	1
2,16841E+15	1
2,16845E+16	1
2,16932E+16	1
2,16977E+16	1
2,17215E+16	1
2,17261E+16	1
2,17262E+16	1
2,17274E+16	1
2,17325E+16	1
2,17369E+16	1
2,17408E+15	1
2,17664E+16	1
2,176E+16	1
2,17739E+16	1
2,17888E+16	1
2,17942E+16	1
2,18004E+16	1
2,18137E+15	1
2,18151E+16	1
2,18413E+16	1
2,18443E+16	1
2,18562E+15	1
2,18823E+16	1
2,18922E+16	1
2,18953E+16	1
2,19037E+16	1
2,19044E+16	1
2,1912E+16	1
2,19436E+14	1
2,1946E+16	1
2,194E+14	1
2,19569E+16	1
2,19602E+16	1
2,19637E+16	1
2,20003E+16	1
2,2013E+16	1
2,20542E+16	1
2,20765E+16	1
2,20873E+15	1
2,21136E+16	1
2,21543E+16	1
2,21622E+16	1
2,21873E+16	1
2,22013E+16	1
2,22542E+16	1
2,23431E+16	2
2,23859E+16	1
2,25456E+15	2
2,28444E+16	1
2,32514E+16	1
2,34665E+16	1
2,35294E+16	1
2,35455E+16	1
2,35514E+16	1
2,35731E+15	1
2,35845E+15	1
2,36645E+16	1
2,36842E+16	1
2,37145E+16	1
2,38419E+15	1
2,38631E+16	1
2,39022E+16	1
2,39444E+16	22
2,39498E+16	17
2,39553E+14	17
2,40385E+15	1
2,4057E+16	1
2,41045E+16	1
2,4118E+16	1
2,419E+16	1
2,42519E+16	1
2,42714E+16	1
2,43147E+16	1
2,44527E+16	1
2,46753E+16	1
2,48979E+16	1
2,49481E+15	1
2,49897E+15	1
2,50107E+15	1
2,50434E+15	1
2,5093E+15	1
2,52093E+13	1
2,52805E+16	1
2,535E+16	2
2,53949E+16	1
2,54002E+15	1
2,56195E+16	1
2,56837E+15	1
2,57029E+14	1
2,57379E+16	1
2,60255E+15	1
2,60527E+16	1
2,61753E+15	1
2,6226E+15	1
2,62987E+15	1
2,63231E+16	1
2,63809E+16	1
2,64413E+16	1
2,6499E+16	1
2,65306E+15	1
2,65377E+16	1
2,67831E+16	1
2,69555E+15	1
2,69753E+16	1
2,71131E+15	1
2,71432E+16	1
2,74317E+14	1
2,7494E+16	1
2,75122E+16	1
2,76103E+16	1
2,76196E+16	1
2,77853E+16	1
2,78339E+15	1
2,7841E+15	1
2,79614E+15	1
2,81617E+15	1
2,81723E+15	1
2,84577E+15	1
2,85265E+15	1
2,85431E+16	1
2,85474E+15	1
2,86131E+15	1
2,86358E+16	1
2,87179E+16	1
2,88575E+15	1
2,89393E+16	1
2,89771E+16	1
2,89872E+16	1
2,91026E+15	1
2,92079E+16	1
2,92374E+16	1
2,92462E+16	1
2,98033E+15	1
2,98507E+16	1
2,99878E+15	1
3,00551E+15	1
3,03135E+15	1
3,05503E+15	1
8,7293E+15	1
